1111111111111111111111111111111111111111111111111111111111111111111111111111111111111111111111111111111111111111111111111111111111111111111111111111111111111111111111111111111111111111111111111111111111111111111111111111111111111111111111111111111111111111
1111111111111111111111111111111111111111111111111111111111111111111111111111111111111111111111111111111111111111111111111111111111111111111111111111111111111111111111111111111111111111111111111111111111111111111111111111111111111111111111111111111111111111
1111111111111111111111111111111111111111111111111111111111111111111111111111111111111111111111111111111111111111111111111111111111111111111111111111111111111111111111111111111111111111111111111111111111111111111111111111111111111111111111111111111111111111
1111111111111111111111111111111111111111111111111111111111111111111111111111111111111111111111111111111111111111111111111111111111111111111111111111111111111111111111111111111111111111111111111111111111111111111111111111111111111111111111111111111111111111
1111111111111111111111111111111111111111111111111111111111111111111111111111111111111111111111111111111111111111111111111111111111111111111111111111111111111111111111111111111111111111111111111111111111111111111111111111111111111111111111222211111111111111
1111111111111111111111111111111111111111111111111111111111111111111111111111111111111111111111111111111111111111111111111111111111111111111111111111111111111111111111111111111111111111111111111111111111111111111111111111111111111111111112221222111111111111
1111111111111111111111111111111111111111111111111111111111111111111111111111111111111111111111111111111111111111111111111111111111111111111111111111111111111111111111111111111111111111111111111111111111111111111111111111111111111111112222211122111111111111
1111111111111111111111111111111111111111111111111111111111111111111111111111111111111111111111111111111111111111111111111111111111111111111111111111111111111111111111111111111111111111111111111111111111111111111111111111111111111111111211111111111111111111
1111111111111111111111111111111111111111111111111111111111111111111111111111111111111111111111111111111111111111111111111111111111111111111111111111111111111111111111111111111111111111111111111111111111111111111111111111111111111111212211111111111111111111
1111111111111111111111111111111111111111111111111111111111111111111111111111111111111111111111111111111111111111111111111111111111111111111111111111111111111111111111111111111111111111111111111111111111111111111111111111111111111112222111111111111111111111
1111111111111111111111111111111111111111111111111111111111111111111111111111111111111111111111111111111111111111111111111111111111111111111111111111111111111111111111111111111111111111111111111111111111111111111111111111111111111122211111111111111111111111
1111111111111111111111111111111111111111111111111111111111111111111111111111111111111111111111111111111111111111111111111111111111111111111111111111111111111111111111111111111111111111111111111111111111111111111111111111111111111112111111111111111111111111
1111111111111111111111111111111111111111111111111111111111111111111111111111111111111111111111111111111111111111111111111111111111111111111111111111111111111111111111111111111111111111111111111111111111111111111111111111111222211122111111111111111111111111
1111111111111111111111111111111111111111111111111111111111111111111111111111111111111111111111111111111111111111111111111111111111111111111111111111111111111111111111111111111111111111111111111111111111111111111111111111111221222222111111111111111111111111
1111111111111111111111111111111111111111111111111111111111111111111111111111111111111111111111111111111111111111111111111111111111111111111111111111111111111111111111111111111111111111111111111111111111111111111111111111112222111112211111111111111111111111
1111111111111111111111111111111111111111111111111111111111111111111111111111111111111111111111111111111111111111111111111111111111111111111111111111111111111111111111111111111111111111111111111111111111111111111111111111112211111111111111111111111111111111
1111111111111111111111111111111111111111111111111111111111111111111111111111111111111111111111111111111111111111111111111111111111111111111111111111111111111111111111111111111111111111111111111111111111111111111111111111222221111111111111111111111111111111
1111111111111111111111111111111111111111111111111111111111111111111111111111111111111111111111111111111111111111111111111111111111111111111111111111111111111111111111111111111111111111111111111111111111111111111111111122222211111111111111111111111111111111
1111111111111111111111111111111111111111111111111111111111111111111111111111111111111111111111111111111111111111111111111111111111111111111111111111111111111111111111111111111111111111111111111111111111111111111111111122211111111111111111111111111111111111
1111111111111111111111111111111111111111111111111111111111111111111111111111111111111111111111111111111111111111111111111111111111111111111111111111111111111111111111111111111111111111111111111111111111111111111111111121111111111111111111111111111111111111
1111111111111111111111111111111111111111111111111111111111111111111111111111111111111111111111111111111111111111111111111111111111111111111111111111111111111111111111111111111111111111111111111111111111111111111111111221111111111111111111111111111111111111
1111111111111111111111111111111111111111111111111111111111111111111111111111111111111111111111111111111111111111111111111111111111111111111111111111111111111111111111111111111111111111111111111111111111111111111111111122111111111111111111111111111111111111
1111111111111111111111111111111111111111111111111111111111111111111111111111111111111111111111111111111111111111111111111111111111111111111111111111111111111111111111111111111111111111111111111111111111111111112222111112111111111111111111111111111111111111
1111111111111111111111111111111111111111111111111111111111111111111111111111111111111111111111111111111111111111111111111111111111111111111111111111111111111111111111111111111111111111111111111111111111111111112222222122111111111111111111111111111111111111
1111111111111111111111111111111111111111111111111111111111111111111111111112211111111111111111111111111111111111111111111221111111111111111111111111111111111111111111111111111111111111111111111111111111111111112222112122111111111111111111111111111111111111
1111111111111111111111111111111111111111111111111111111111111111111111111112211111111111111111111111111112211111111111112222221111111111111111111111111111111111111111111111111111111111111111111111111111111111111222222122211111111111111111111111111111111111
1111111111111111111111111111111111111111111111111111111111111111111111111111221111111111111111111111111111211111111111112222222222211111111111111111111111111111111111111111111111111111111111111111111112111211111121222221211111111111111111111111111111111111
1111111111111111111111111111111111111111111111111111111111111111111111111111221111111111111111111111111111211111111111112222222222221111111111111111111111111111111111111111111111111111111111111111111122111221111221211222211111111111111111111111111111111111
1111111111111111111111111111111111111111111111111111111111111111111111111111122111111111111111111111111111222211111111122222222222221111111111111111111111111111111111111111111111111111111111111111111122222222121222111211111111111111111111111111111111111111
1111111111111111111111111111111111111111111111111111111111111111111111111111112221112221111111111111111111111211111111222222222222221111111111111111111111111111111111111111111111111111111111111111111222211112222221111111111111111111111111111111111111111111
1111111111111111111111111111111111111111111111111111111111111111111111111111111122222222211111111111111111111222222111222222212222221111111111111111111111111111111111111111111111111111111111111111111222211111112211111111111111111111111111111111111111111111
1111111111111111111111111111111111111111111111111111111111111111111111111111111111111122221121111111111111111121122111222221111222221111111111111111111111111111111111111111111111111111111111111111112211111112222111111111111111111111111111111111111111111111
1111111111111111111111111111111111111111111111111111111111111111111111111111111111111111122222111111111111111111122211222222111112221111111111111111111111111111111111111111111111111111111111111111112211111112211111111111111111111111111111111111111111111111
1111111111111111111111111111111111111111111111111111111111111111111111111111111111111111111112111111111111111111122211122221111112222111111111111111111111111111111111111111111111111111111111111111122211111111111111111111111111111111111111111111111111111111
1111111111111111111111111111111111111111111111111111111111111111111111111111111111111111111112111111111111111111122221111111111112222111111111111111111111111111111111111111111111111111111111111111112221111111111111111111111111111111111111111111111111111111
1111111111111111111111111111111111111111111111111111111111111111111111111111111111111111111112222211111111111111122211111111111112221111111111111111111111111111111111111111111111111111111111112222222211111111111111111111111111111111111111111111111111111111
1111111111111111111111111111111111111111111111111111111111111111111111111111111111111111111111222211111111111111111211111111111222222111111111222221111111111111111111111111111111111111111111112221222211111111111111111111111111111111111111111111111111111111
1111111111111111111111111111111111111111111111111111111111111111111111111111111111111111111111221111111111111111111222221111112222222111111112222211111111111111111111111111111111111111111111111121222211111111111111111111111111111111111111111111111111111111
1111111111111111111111111111111111111111111111111111111111111111111111111111111111111111111111222211111111111111111111122211112222222111111111221111111111111111111111111111111111111111111111111221111111111111111111111111111111111111111111111111111111111111
1111111111111111111111111111111111111111111111111111111111111111111111111111111111111111111111211221111111111111111111112222111222221111111111221111111111111111111111111111111111111111111111222222211111111111111111111111111111111111111111111111111111111111
1111111111111111111111111111111111111111111111111111111111111111111111111111111111111111111111111122222111111111111111111122111222222111111111122111111111111111111111111111111111111111111111222221221111111111111111111111111111111111111111111111111111111111
1111111111111111111111111111111111111111111111111111111111111111111111111111111111111111111111111111112111111111111111111112222222222111111111112211111111111111111111111111111111111111111122222222221111111111111111111111111111111111111111111111111111111111
1111111111111111111111111111111111111111111111111111111111111111111111111111111111111111111111111111112111111111111111111111222222222111111111112211111111111111111111111111111111111111111221122221111111111111111111111111111111111111111111111111111111111111
1111111111111111111111111111111111111111111111111111111111111111111111111111111111111111111111111111112111111111111111111111111122221111111111122211111111111111111111111111111111111111122211111111111111111111111111111111111111111111111111111111111111111111
1111111111111111111111111111111111111111111111111111111111111111111111111111111111111111111111111111112111111111111111111111111122211111111111122211111111111111111111111111111111111111121111111111111111111111111111111111111111111111111111111111111111111111
1111111111111111111111111111111111111111111111111111111111111111111111111111111111111111111111111111112211111111111111111111111222211111111111221111111111111111111111111111111111111111121111111111111111111111111111111111111111111111111111111111111111111111
1111111111111111111122111111111111111111111111111111111111111111111111111111111111111111111111111111112211111111111111111111222222111111111112211111111111111111111111111111111111111111222211111111111111111111111111111111111111111111111111111111111111111111
1111111111111111111222111111111111111111111111111111111111111111111111111111111111111111111111111111112221111111111111111112222222211211111122211111111111111211111111111111111111111111222111111111111111111111111111111111111111111111111111111111111111111111
1111111111111111111222111222111111111111111111111111111111111111111111111111111111111111111111111111112121111111111111111112222222222221112222211111111111112221111111111111111111111111112111111111111111111111111111111111111111111111111111111111111111111111
1111111111111111111222111222211111111111111111111111111111111111111111111111111111111111111111111111122111111111111111111112222222222221112222221111111111122221111111111111111111111111222111111111111111111111111111111111111111111111111121111111111111111111
1111111111111111111112112222111111111111111111111111111111111111111111111111111111111111111111111111121111111111111111111111222222222211111122211111111111222221111111111111111111111111211111111111111111111111111111111111111111111111111121111111111111111111
1111111111111111111122222222211111111111111111111111111111111111111111111111111111111111111111111111121111111111111111111111122212222111111122211111111112222221111111111111111111222222211111111111111111111111111111111111111111111111122222211111111111111111
1111111111111111111222212222111111111111111111111111111111111111111111111111111111111111111111111111121111111111111111111111222211121111122221111111111112222222111111111111111111222221111111111111111111111111111111111111111111111112121221211111111111111111
1111111111111111111112212221111111111111111111111111111111111111111111111111111111111111111111111111122111111111111111111111222221111111121111111111111122222221111111111111111111122221111111111111111111111111111111111111111111111112221111111111111111111111
1111111111111111111112112222111111111111111111111111111111111111111111111111111111111111111111111111122111111111111111111112222211111111222111111111111222222222111111111111111111112221111111111111111111111111111111111111111111111112221111111111111111111111
1111111111111111111111112222222222211111111111111111111111111111111111111111111111111111111111111111121111111111111111111112222211112222222111111111111222222222111111111111111111112221111111111111111111111111111111111111111111111111122111111111111111111111
1111111111111111111111122222111122211111111111111111111111111111111111111111111111111111111111111111121111111111111111111112222211112222211111111111112222222221111111222111112221222111111111111111111111111111111111111111111111111111112111111111111111111111
1111111111111111111111111122111122222221121111221111111111111111111111111111111111111111111111111111122222111111111111111111222221112222221111111111111222222221111111222111112222222111111111111111111111111111111111111111111111111111112222111111111111111111
1111111111111111111111111111111111112111221121222211111111111111111111111111111111111111111111111111111112111111111111111111112221112222221111111111111122222221111111222211122222221111111111111111111111111111111111111111111111111111222222111111111111111111
1111111111111111111111111111111111112222222222221221111111111111111111111111111111111111111111111111111112111111111111111111122221112211111111111111121222222211111122222212222122111111111112111111111111111111111111111111111111111112222111111111111111111111
1111111111111111111111111111111111111112222111112221111111111111111111111111111111111111111111111111111222111111111111111111222221112211111111111112222222222222222221111222221112111111111212112121111111111111111111111111111111111122221111111111111111111111
1111111111111111111111111111111111111111111111112221111111111111111111111111111111111111111111111111111222111111111111111112222211112111111111111122222222221122221121111121111111111111111222222221111111111111111111111111111111112222211111111111111111111111
1111111111111111111111111111111111111111111111111211111111111111111111111111111111111111111111111111111221111111111111111112222111122111111111111222222212211111111111111121111111111111122221221111111111111111111111111111111111112221111111111111111111111111
1111111111111111111111111111111112211122111221122211111111111111111111111121111111111111111111111111111122111111111111111122221111221111111111111122211111111221111111111121112211111111122222111111111111111111111111111111111111111221112211111111111111111111
1111111111111111111111111111221222222222222221122222111111111111111111111222111111111111111111111111111112211111111111112222211111211111111111111222211111122221111122112122222222222111221222111111111111111111111111111111111111111122222222221111111111111111
1111111111111111111111111111222222111111112221111112211111111111111111112222111111111111111111111111111112221111111111222222211111211111111111112222211222222222112222222222122111122222222222111111111111111111111111111111111111111111221222221111111111111111
1111111111111111111111111111211122111111122211111122211111111111111111112222211111111111111111111111111111221111111112222222111122211111111111122222121222221222222111222222221111122111111222111111111111111111111111111111111111111111122111121111111111111111
1111111111111111111111111111111111111111112111111122211111111111111111112222211111111111111111111111111111211111111122222221111222211111111111122222222211111222211111122222211111111111111111111111111111111111111111111111111111111111222111221111111111111111
1111111111111111111111111211111111111111112211111111221111111111111111122222111111111111111111111111111111221111111122221211111222211111111111222222222211111112211111122111111111111111111111111111111111111111111111111111111111111111111111211111111111111111
1111111111111111111111122221111111111111112211111111121111111111111111122221111111111111111111111111111111122111111122222111111222211111111111122222222211111111211111111111111111111111111111111111111111111111111111111111111111111111111112222111111111111111
1111111111111111111111111121111111111111222222211111122111111111111111122222111111111111111111111111111111122111111122222111111222221111111111222222222111111111111111111111111111111111111111111111111111111111111111111111111111111111111112111111111111111111
1111111111111111111111111122211111111111222222221111112222111111111111122221111111111111111111111111111111122122111222221111111221121111111111122222222111111111111111111111111111111111111111111111111111111111111111111111111111111111111122111111111111111111
1111111111111111111111111111211111111111122222222111111122112211111111112222121111111111111111111111111111122222211122221111222222221111111111111122222221111111111111111111111111111111111111111111111111111111111111111111111111111111111122111111111111111111
1111111111111111111111111111211111111111122222222111111222122211111111112222222111111111111111111111111111112121211112222212222211111111111111111122222222111111111111111111111111111111111111111111111111111111111111111111111111111111111112111111111111111111
1111111111111111111111111111221111111111111122221111111222221222221111112222222111111111111111111111111111111122211111222222222221111111111111111122222221111111111111111111111111111111111111111111111111111111111111111111111111111111112222111111111111111111
1111111111111111111111111111221111111111111111121111111111222211122211121222222211111111111111111111111112211111211111122222222221111111111111111112222222111111111111111111111111111111111111111111111111111111111111111111111111111111112222111111111111111111
1111111111111111111111111122221111111111111111122111111111121122222221222122222111111111111111111111111122222122211111111222222221111111111111111111222222111111111111111111111111111111111111111111111111111111111111111111111111111111121211111111111111111111
1111111111111111111111111122222211111111111111122111111111122122222222222222221111111111111111111111111112222222111111111122222222111111111111111112222222111111111111111111111111111111111111111111111111111111111111111111111111111111122211111111111111111111
1111111111111111111111111111122121111111111111221111111111122112222212222222211111111111111111111111111111222121111111111122222222111111111111111222222222111111111111111111111111111111111111111111111111111111111111111111111111111111221111111111111111111111
1111111111111111111111111111222222111111112221221111111111111112222212222222211111111111111111111111111111222221111111111112222222211111111111112222222221111111111111111111111111111111111111111111111111111111111111111111111111111122221111111111111111111111
1111111111111111111111111112221112111221112222221111111111111111222211222222221111111111111111111111111111222221111111111111112222111111111111112222222211111111111111111111111111111111111111111111111111111111111111111111111111111221221111111111111111111111
1111111111111111111111111112221112221222112112222111111111111111222211111222221111111111111111111111111111122222111111111111122221111111111122122221122111111111111111111111111111111111111111111111111111111111111111111111111121111221111111111111111111111111
1111111111111111111111111111111111121212222122222111111111111111211111111222211111111111111111111111111111111222211111111111222211111111111222222211111111111111111111111111111111111111111111111111111111111111111111111111111122221212111111111111111111111111
1111111111111111111111111111111111221222122111222211111111111111211111111222221111111111111111111111111111111122221111111112222222111111112222222221111111111111111111111111111111111111111111111111111111111111111111111111111111222222111111111111111111111111
1111111111111111111111111111111111222222221111112221111111111111211111111122221111111111111111111111111111111122222111111112222222211111111222222211111111111111111111111111111111111111111111111111111111111111111111111111111112222122211111111111111111111111
1111111111111111111111111111111111121111121111111221111111111111221111111112221111111111111111111111111111111112222211111111222222211111111222222111111111111111111111111111111111111111111111111111111111111111111111111111111222222222211111111111111111111111
1111111111111111111111111111111111111111111111111221111111111111122111111112222111111111111111111111111111111111222111111111122222211111111222211111111111111111111111111111111111111111111111111111111111111111111111111111112222222211111111111111111111111111
1111111111111111111111111111111111111111111111111121111111111111121111111112222211111111111111111111111111111111222111122211122222221111111222111111111111111111111111111111111111111111111111111111111111111111111111111111112222222211111111111111111112222111
1111111111111111111111111111111111111111111111111222111111111111222222111211222211111111111111111111111111111111222122222221222222222111112222111111111111111111111111111111111111111111111111111111111111111111111111111111111112222211111111111111111122222211
1111111111111111111111111111111111111111111111111112111111111111221112222221122222111111111111111111111111111112222222222221222222222111122221111111111111111111111111111111111111111111111111111111111111111111111111111111111112122211111111111111111122222211
1111111111111111111111111111111111111111111111111122111111111111111111111122222222211111111111111111111111111112222222222221222222221111122221111111111111111111111111111111111111111111111111111111111111111111111111111111111122112211111111111111111222222111
1111111111111111111111111111111111111111111111111122212221111111111111111111122222111111111111111111111111111111212221112221122222111111122211111111111111111111111111111111111111111111111111111111111111111111111111111111112221112211111111111111112222222111
1111111111111111111111111111111111111111111111111222122221111111111111111111112222111111111111111111111111111111111111112222222222212112222211111111111111111111111111111111111111111111111111111111111111111111111111111111112221111111111111111111122222222111
1111111111111111111111111111111111111111111111111222122222211111111111111111122222111111111111111111111111111111111111122222222222222222222111111111111111111111111111111111111111111111111111111111111111111111111111111111122222111111111111111222222222222111
1111111111111111111111111111111111111111111111111222222222221111111111111111112222211111111111111111111111111111112111222222222222222222222212111111111111111111111111111111111111111111111111111111111111111111111111111111122222111111111111122222222222222111
1111111111111111111111111111111111111111111111111212222222221111111111111111112222211111111111111111111111111111122222222222222222222222222222212111111111111111111111111111111111111111111111111111111111111111111111111111122221111111111111222222221122222111
1111111111111111111111111111111111111111111111111222221212111111112211111111122222111111111111111111111111111112112222222222222222222222222222122211111111122111111111111111111111111111111111111111111111111111111111111111222211111111111111222221221112222211
1111111111111111111111111111111111111111111111111112222112111111222221111112222222111111111111111111111111111222222222222222222222222222222222222221111111122211111111111111111111111111111111111111111111111111111111111111222211111111111111122222222111222221
1111111111111111111111111111111111111111111111111111222112221111122221111122222221111111111111111111111111122222222222222222222222222222222222222222111111222221111111111111111111111111111111111111111111111111111111111112222221111222122221222222222211222222
2211111111111111111111111111111111111111111111111111111111122211122111111122221111111111111111111111111111222222222222222222222222222222222222222222211111211111111111111111111111111111111111111111111111111111111111111111121121112222222222222222222221222222
2221111111111111111111111111111111111111111111111111111111122211122111111122222211111111111111111111111111122222222222222222222222222222222222222222211111221211111111111111111111111111111111111111111111111111111111111111122121111222222222222122222211122222
2221111111111111111111111111111111111111111111111111111111111222112221211122222221111111111111111111111112122222222222222222222222222222222222222222222211122211111111111111111111111111111111111111111111111111111111111111112221222222222222222211121111111122
1211111111111111111111111111111111111111111111111111111111111222212222222122222221111111111111111111111122222222222222222222222222222222222222222222222222122211111111111111111111111111111111111111111111111111111111111111112112222222222222222211111111111112
1111111111111111111111111111111111111111111111111111111111111122111111112122222211111111111111111111111222222222222222222222222222222222222222222222222222221211111111111111111111111111111111111111111111111111111111112111122222222222222122122111111111111111
1111111111111111111111111111111111111111111111111111111111111122111111112112222221111111111111111111112222222222222222222222222222222222222222222222222222221211111111111111111111111111111111111111111111111111111111122211122222222222221111111111111111111111
1111111111111111111111111111111111111111111111111111111111111121111111112222222221111111111111111111122222222222222222222222222222222222222222222222222222211111111111111111111111111111111111111111111111111111111122222222122222222222111111111111111111111111
1111111111111111111111111111111111111111111111111111111111112222111111111222222222111111111111111111222222222222222222222222222222222222222222222222222222221111111111111111111111111111111111111111111111111111111222222222222221122211111111111111111111111111
1111111111111111111111111111111111111111111111111111111111111222111111112222222222111111111111111111122222222222222222222222222222222222222222222222222222222111111111111111111111111111111111111111111111111111112222222222222221111111111111111111111111111111
1111111111111111111111111111111111111111111111111111111111112221111111111222222222221112211111111111222222222222222222222222222222222222222222222222222222222111111111111111111111111111111111111111111111111111222222222222222221111111111111111111111111111111
1111111111111111111111111111111111111111111111111111111111122221112222111111122222222122221111111122222222222222222222222222222222222222222222222222222222222121111111111111111111111111111111111111111111111112222221222222222222111111111111111111111111111111
1111111111111111111111111111111111111111111111111111111111122212222221111111112222222122221111111222222222222222222222222222222222222222222222222222222222222222111111111111111111111111111111111111111111112222222111122222222221111111111111111111111111111111
1111111111111111111111111111111111111111111111111111111111122222122221122111111222222222221111112222222222222222222222222222222222222222222222222222222222222222211111111111111111111111111111111111111111122222221111111111222211111111111111111111111111111111
1111111111111111111111111111111111111111111111111111111111111222112211222111111112222222221112222222222222222222222222222222222222222222222222222222222222222222211111111111111111111111111111111111111111122222221111111111111111111111111111111111111111111111
1111111122111111111111111111111111111111111111111111111111111111111222221111111111112222222122222122222222222222222222222222222222222222222222222222222222222222211111111111111111111111111111111111111111112222211111111111111111111111111111111111111111111111
1112111222222221111111112211111111111111111111111111111111111111111222222111111111111122222222222222222222222222222222222222222222222222222222222222222222222222221111111111111111111111111111111111111111112221111111111111111111111111111111111111111111111111
1122212222222222111122222221111111111111111111111111111111111111111122122211111111111111222222222222222222222222222222222222222222222222222222222222222222222222221111111111111111111111111111111111111211222221111111111111111111111111111111111111111111111111
1222222222222222221222222221111111111111111111111111111111111111111111112222111111111112222222222222222222222222222222222222222222222222222222222222222222222222221111111111111111111111111111111111112222222221111111111111111111111111111111111111111111111111
1122221222222222222222222211111111111111111111111111111111111111111111112222221111111111222221222222222222222222222222222222222222222222222222222222222222222222222111111111111111111111111111111111112222222211111111111111111111111111111111111111111111111111
1112222222222222222222122211111111111111111111111111111111111111111111111222122222121111122112222222222222222222222222222222222222222222222222222222222222222222221111111111111111111111111111111111112222221111111111111111111111111111111111111111111111111111
1112222222222212222221122222111111111111111111111111111111111111111111111111111112221111111112222222222222222222222222222222222222222222222222222222222222222222222211111111111111111111111111111111122222221111111111111111111111111111111111111111111111111111
1112222222222112222221122222221111111111111111111111111111111111111111111111111111121111111122222222222222222222222222222222222222222222222222222222222222222222222221111111111111111111112111112211122222211111111111111111111111111111111111111111111111111111
1112222222121111222211122222222111111111111111111111111111111111111111111111112222221111111112222222222222222222222222222222222222222222222222222222222222222222222211111111111111111111122222222221122221111111111111111111111111111111111111111111111111111111
1111221111111111222221122222222111111111111111111111111111111111111111111111112222111111111122222222222222222222222222222222222222222222222222222222222222222222222211111111111111111111122222222221222221111111111111111111111111111111111111111111111111111111
1111111111111111122211122222222111111111111111111111111111111111111111111111112121111111111112222222222222222222222222222222222222222222222222222222222222222222222221111111111111111111122222222222222211111111111111111111111111111111111111111111111111111111
1111112221111111111111122222222211111111111111111111111111111111111111111111112111111111112222222222222222222222222222222222222222222222222222222222222222222222222222111111111111111112122222222222222211112111111111111111111111111111111111111111111111111111
1111112221111111111111112222222221111111111111121111121111111111111111111111222211111111222222222222222222222222222222222222222222222222222222222222222222222222222222221111121122221222222222222222222221222111111111122211111111111111111111111111111111111111
1111122222212111111111222222222222112111111222222212222111111111222111111111221221112222222222222222222222222222222222222222222222222222222222222222222222222222222222222111222222222222222211222122222122222211111111122211111111111111111111111111111111111111
1111122111222111112222122221222222222211112222222222222121111112222222211111111122222222222222222222222222222222222222222222222222222222222222222222222222222222222222222222222222222222221111111111111122222222112222222222211111111111111111111111111111111111
1112221111222112212222122211111222222211112222222222222222111122222222221111221222222222222112222222222222222222222222222222222222222222222222222222222222222222222222222222222222222222211111111111111112222222212122222222111111111111111111111111111111111111
1122222222222112212222221211111122222222122222222222222222222212222222212222222222222122221111222222222222222222222222222222222222222222222222222222222222222222222212222222212222222222111111111111111112222222222122222221111111111111111111111111111111111121
1111222121222222222111111221211222222222222222222222222222222222222222222222222222222112221112222222222222222222222222222222222222222222222222222222222222222222221111111221111221222221111111111111111111122222221111122222111111111111111111111111111111111221
1112211222221222222111111122212222222222222222222222222222222222222222222222222221221111211111222222222222222222222222222222222222222222222222222222222222222222222111111221111111122211111111111111111111111222111111112112211111111111111111111111111111122222
2222111122111122221111111111222122222222222221122222111112112222222222222222112211111111111111122222222222222222222222222222222222222222222222222222222222222222222211111221111111111111111111111111111111111111111111111112221111111111111111111111111111122221
1211111112211111221111111111112122122211111111112211111111111222211222222111111111111111111111222222222222222222222222222222222222222222222222222222222222222222222211111221111222111111111111111111111111111111111111111111222111111111111111111111111111222221
2211111111211111111111111111122221111111111111111111111111111111111122211111111111111111111112222222222222222222222222222222222222222222222222222222222222222222222111111221112222111111111111111111111111111111111111111111222221111111111111111111111112222222
1111111111111111111111111111222111111111111111111111111111111111111111111111111111111111111111222222222222222222222222222222222222222222222222222222222222222222222211111122212211111111111111111111111111111111111111111111122221111111111111111111111122222111
1111111111111111111111111112222111111111111111111111111111111111111111111111111111111111111112222222222222222222222222222222222222222222222222222222222222222222222111111111222222111111111111111111111111111111111111111112221211111111111111111111112222222111
1111111111111111111111122222222111111111111111111111111111111111111111111111111111111111111111222222222222222222222222222222222222222222222222222222222222222222211111111111112221111111111111111111111111111111111111111222222222111111111111111111112222222111
1111111111111111111111121221111111111111111111111111111111111111111111111111111111111111111111122222222222222222222222222222222222222222222222222222222222222222221111111111112111111111111111111111111111111111111111111221111111111111111111111111112111112211
1111111111111111111112221111111111111111111111111111111111111111111111111111111111111111111111222222222222222222222222222222222222222222222222222222222222222222222111111111122111111111111111111111111111111111111111122221111111111111111111111111111121222211
1111111111111111111112211111111111111111111111111111111111111111111111111111111111111111111111122222222222222222222222222222222222222222222222222222222222222222221111111111121111111111111111111111111111111111111111122211111111111111111111111111111122211111
1111111122221111111111222111111111111111111111111111111111111111111111111111111111111111111111112222222222222222222222222222222222222222222222222222222222222222211111111111122111111111111111111111111111111111111111121222111111111111111111111111111122211111
1111111122221121222222222111111111111111111111111111111111111111111111111111111111111111111111112222222222222222222222222222222222222222222222222222222222222222111111111111122111111111111111111111111111111111111111111122111111111111111111111111111112211111
1111111111122122221221111111111111111111111111111111111111111111111111111111111111111111111111112222222222222222222222222222222222222222222222222222222222222221111111111111112111111111111111111111111111111111111111111222111111111111111111111111111111221111
1111111111112222221111111111111111111111111111111111111111111111111111111111111111111111111111122222222222222222222222222222222222222222222222222222222222222221111111111111112111111111111111111111111111111111111111111221111111111111111111111111111111221111
1111111111112211121111111111111111111111111111111111111111111111111111111111111111111111111111112222222222222222222222222222222222222222222222222222222222222222111111111111122222211111111111111111111111111111111111111122211111111111111111111111111111111111
1111111111111111111111111111111111111111111111111111111111111111111111111111111111111111111111111222222222222222222222222222222222222222222222222222222222222222211111111111112222211111111111111111111111111111111111111111221111111111111111111111111111111111
1111111111111111111111111111111111111111111111111111111111111111111111111111111111111111111111111122222222222222222222222222222222222222222222222222222222222222111111111111111122222111111111111111111111111111111111111111121111111111111111111111111111111111
1111111111111111111111111111111111111111111111111111111111111111111111111111111111111111111111111112222222222222222222222222222222222222222222222222222222222121111111111111111122222111111111111111111111111111111111111111122222221111111111111111111111111111
1111111111111111111111111111111111111111111111111111111111111111111111111111111111111111111111111111122222222222222222222222222222222222222222222222222222222111111111111111111112122111111111111111111111111111111111111111112112221111111111111111111111111111
1111111111111111111111111111111111111111111111111111111111111111111111111111111111111111111111111111112222222222222222222222222222222222222222222222222222221111111111111111111111122111111111111111111111111111111111111111111111122111111111111111111111111111
1111111111111111111111111111111111111111111111111111111111111111111111111111111111111111111111111111122222222222222222222222222222222222222222222222222222222111111111111111111111112111111111111111111111111111111111111111111111121111111111111111111111111111
1111111111111111111111111111111111111111111111111111111111111111111111111111111111111111111111111111112222222222222222222222222222222222222222222222222222221111111111111111111111112111111111111111111111111111111111111111111111221111111111111111111111111111
1111111111111111111111111111111111111111111111111111111111111111111111111111111111111111111111111111111222222222222222222222222222222222222222222222222222111111111111111111111111112111111111111111111111111111111111111111111111221111111111111111111111111111
1111111111111111111111111111111111111111111111111111111111111111111111111111111111111111111111111111211222222222222222222222222222222222222222222222222221111112222111111111111111112111111111111111111111111111111111111111111111221111111111111111111111111111
1111111111111111111111111111111111111111111111111111111111111111111111111111111111111111111111111112221122222222222222222222222222222222222222222222222121111122222111111111111111112111111111111111111111111111111111111111111111122111111111111111111111111111
1111111111111111111111111111111111111111111111111111111111111111111111111111111111111111111111111112222112222222222222222222222222222222222222222222222222222222222111111111111111112212111111111111111111111111111111111111111111122111111111111111111111111111
1111111111111111111111111111111111111111111111111111111111111111111111111111111111111111111111111111222112222222222222222222222222222222222222222222222211112222222222211111111111111222222111111111111111111111111111111111111111122122111111111111111111111111
1111111111111111111111111111111111111111111111111111111111111111111111111111111111111111111111111111122212212222222222222222222222222222222222222212122211111221122222222211111111111122212111111111111111111111111111111111111111122222211111111111111111111111
1111111111111111111111111111111111111111111111111111111111111111111111111111111111111111111111111111122222222222122222222222222222222222222222222211122211111111111222122211111111111111112211111111111111111111111111111111111111111112211111111111111111111111
1111111111111111111111111111111111111111111111111111111111111111111111111111111111111111111111111112222222222221122222222222222222222222222222222111122211111111111111111222111111111111122211111111111111111111111111111111111111111111222211111111111111111111
1111111111111111111111111111111111111111111111111111111111111111111111111111111111111111111111111112112222221111112222222222222222222222222212221111122211111111111111111112211111111111122221111111111111111111111111111111111111111111221111111111111111111111
1111111111111111111111111111111111111111111111111111111111111111111111111111111111111111111111111112112222111111111112222222222222222222212221211111122221111111111111111111211111111111122222211111111111111111111111111111111111111111111111111111111111111111
1111111111111111111111111111111111111111111111111111111111111111111111111111111111111111111111111112222111111222112211122212222222222221111211111111222222111111111111111111221111111111111111222111111111111111111111111111111111111111111111111111111111111111
1111111111111111111111111111111111111111111111111111111111111111111111111111111111111111111111111222222111122212112222222111222112221211111111111112222222211111111111111111121211111111111111112211111111111111111111111111111111111111111111111111111111111111
1111111111111111111111111111111111111111111111111111111111111111111111111111111111111111111111111121111111121112222222111111222222222211111111111111222222221111111111111111122222111111111111111222211111111111111111111111111111111111111111111111111111111111
1111111111111111111111111111111111111111111111111111111111111111111111111111111111111111111111111121111111121111222121111111222221222221111111111111122222222211111111111111111112221111111111111222222111111111111111111111111111111111111111111111111111111111
1111111111111111111111111111111111111111111111111111111111111111111111111111111111111111111111111221111111121112222111111111222221122222111111111111111222222221111111111111111111121111111111112222222211111111111111111111111111111111111111111111111111111111
1111111111111111111111111111111111111111111111111111111111111111111111111111111111111111111111111222111111221122222111111111111221111222211111111111111121222221111111111111111111111111111111111221222211111111111111111111111111111111111111111111111111111111
1111111111111111111111111111111111111111111111111111111111111111111111111111111111111111111111111112111111211122222111111111111211111222221111111111111111122221111111111111111111111111111111111221212211111111111111111111111111111111111111111111111111111111
1111111111111111111111111111111111111111111111111111111111111111111111111111111111111111111111111212111111222121122211111111111211111122221111111111111111112222111111111111111111111111111111111221111111111111111111111111111111111111111111111111111111111111
1111111111111111111111111111111111111111111111111111111111111111111111111111111111111111111111112222111121121112222211111111111211111112221111111111111111112221111111111111111111111111111111111121111111111111111111111111111111111111111111111111111111111111
1111111111111111111111111111111111111111111111111111111111111111111111111111111111111111111111222221111122121112222111111111111211111111211111111111111111112222111111111111111111111111111111111122211111111111111111111111111111111111111111111111111111111111
1111111111111111111111111111111111111111111111111111111111111111111111111111111111111111111111222221111112221111122111111111112222111111111111111111111111112222211111111111111111111111111111111122211111111211111111111111111111111111111111111111111111111111
1111111111111111111111111111111111111111111111111111111111111111111111111111111111111111111111211111111122111111111111111111112111111111111111111111111111112222211111111111111111111111111111111122222111111212111111111111111111111111111111111111111111111111
1111111111111111111111111111111111111111111111111111111111111111111111111111111111111111111111221111111111111111111111111121222111111111111111111111111111112222211111111111111111111111111111111112222112122222211111111111111111111111111111111111111111111111
1111111111111111111111111111111111111111111111111111111111111111111111111111111111111111111111121111111111111111111111111222211111111111111111111111111111111222211111111111111111111111111111111111112212222111221111111111111111111111111111111111111111111111
1111111111111111111111111111111111111111111111111111111111111111111111111111111111111111111111121111111111111111111111112222211111111111111111111111111111111122221111111111111111111111111111111111112222222111121111111111111111111111111111111111111111111111
1111111111111111111111111111111111111111111111111111111111111111111111111111111111111111111122221111111111111111111111111122211111111111111111111111111111111122221111111111111111111111111111111111111222222211121111111111111111111111111111111111111111111111
1111111111111111111111111111111111111111111111111111111111111111111111111111111111111111111122111111111111111111111111111112221111111111111111111111111111111112221111111111111111111111111111111111112222222211221111111111111111111111111111111111111111111111
1111111111111111111111111111111111111111111111111111111111111111111111111111111111111111111121111111111111111111111111111112221111111111111111111111111111111112222111111111111111111111111111111111111222222111222111111111111111111111111111111111111111111111
1111111111111111111111111111111111111111111111111111111111111111111111111111111111111111111221111111111111111111111112222222222111111111111111111111111111111122222111111111111111111111111111111111111222221111222211111111111111111111111111111111111111111111
1111111111111111111111111111111111111111111111111111111111111111111111111111111111111222222222111111111111111111122222111222221111111111111111111111111111111122222111111111111111111111111111111111111121121112221211111111111111111111111111111111111111111111
1111111111111111111111111111111111111111111111111111111111111111111111111111111111111111111111111111111111111112221111111122221111111111111111111111111111111112222111111111111111111111111111111111111122221111111221111111111111111111111111111111111111111111
1111111111111111111111111111111111111111111111111111111111111111111111111111111111111111111111111111111111111122211111111111121111111111111111111111111111111111222222211111111111111111111111111111111111111111111122211111111111111111111111111111111111111111
1111111111111111111111111111111111111111111111111111111111111111111111111111111111111111111111111111111111111112221111111111121111111111111111111111111111111112222222221111111111111111111111111111111111111111111112211111111111111111111111111111111111111111
1111111111111111111111111111111111111111111111111111111111111111111111111111111111111111111111111111111111111111222111111111221111111111111111111111111111111111222222211111111111111111111111111111111111111111111112211111111111111111111111111111111111111111
1111111111111111111111111111111111111111111111111111111111111111111111111111111111111111111111111111111111111112222111111122221111111111111111111111111111111111122222211111111111111111111111111111111111111111111112211111111111111111111111111111111111111111
1111111111111111111111111111111111111111111111111111111111111111111111111111111111111111111111111221111111111111121111111122221111111111111111111111111111111111112222111111111111111111111111111111111111111111111112111111111111111111111111111111111111111111
1111111111111111111111111111111111111111111111111111111111111111111111111111111111111111111112111222111111111111122211111111211111111111111111111111111111111111112222122111111111111111111111111111111111111111111112111111111111111111111111111111111111111111
1111111111111111111111111111111111111111111111111111111111111111111111111111111111111111112222221222222211111112222211111111211111111111111111111111111111111111112222222211111111111111111111111111111111111111111112111111111111111111111111111111111111111111
1111111111111111111111111111111111111111111111111111111111111111111111111111111111111111112212222222122211111112122111111112211111111111111111111111111111111111112222222212111111111111111111111111111111111111111112111111111111111111111111111111111111111111
1111111111111111111111111111111111111111111111111111111111111111111111111111111111111111112111111111122211111222122111212222221111111111111111111111111111111111112222222222222111111111111111111111111111111111111122222111111111111111111111111111111111111111
1111111111111111111111111111111111111111111111111111111111111111111111111111111111111111222111111111112222222221111112222111221111111111111111111111111111111111111222222222222211111111111111111111111111111111111112222211111111111111111111111111111111111111
1111111111111111111111111111111111111111111111111111111111111111111111111111111111111112222111111111112122221211111112111111122111111111111111111111111111111111111111122222222211111111111111111111111111111111111111122211111111111111111111111111111111111111
1111111111111111111111111111111111111111111111111111111111111111111111111111111111112222222111111111111122221111112222111111122221111111111111111111111111111111111111112222222221211111111111111111111111111111111111112222111111111111111111111111111111111111
1111111111111111111111111111111111111111111111111111111111111111111111111111111111112221221111111111111111111111112221111111112221111111111111111111111111111111111111111222222222221111111111111111111111111111111111111122111111111111111111111111111111111111
1111111111111111111111111111111111111111111111111111111111111111111111111111111111122221111111111111111111111111112111111111111211111111111111111111111111111111111111111111222222222111111111111111111111111111111111111112221111111111111111111111111111111111
1111111111111111111111111111111111111111111111111111111111111111111111111111111111121111111111111111111111111111112111111112111211111111111111111111111111111111111111111111122222222111111111111111111111111111111111111111221111111111111111111111111111111111
1111111111111111111111111111111111111111111111111111111111111111111111111111111111221111111111111111111111111111112111111112222211111111111111111111111111111111111111111111122222222111111111111111111111111111111111111111122111111111111111111111111111111111
1111111111111111111111111111111111111111111111111111111111111111111111111111111111221111111111111111111111111111112111111112222211111111111111111111111111111111111111111111122222222111111111111111111111111111111111111111222111111111111111111111111111111111
1111111111111111111111111111111111111111111111111111111111111111111111111111111111121111111111111111111111111111122111111111222211111111111111111111111111111111111111111111112222222222111111111111111111111111111111111111112111111111111111111111111111111111
1111111111111111111111111111111111111111111111111111111111111111111111111111111222221111111111111111111111111112222111111111222211111111111111111111111111111111111111111111111112222222211111111111111111111111111111111111112221111111111111111111111111111111
1111111111111111111111111111111111111111111111111111111111111111111111111111122222111111111111111111111111111112222111111111122221111111111111111111111111111111111111111111111112222222211111111111111111111111111111111111111222212111121111111111111111111111
1111111111111111111111111111111111111111111111111111111111111111111111111111122222111111111111111111111111111112111111111111122211111111111111111111111111111111111111111111111122222222221111111111111111111111111111111111111221222222221111111111111111111111
1111111111111111111111111111111111111111111111111111111111111111111111111111222221111111111111111111111111111112111111111111111211111111111111111111111111111111111111111111111122222222221111111111111111111111111111111111111111122122221111111111111111111111
1111111111111111111111111111111111111111111111111111111111111111111111111111222111111111111111111111111111122222111111111111111221111111111111111111111111111111111111111111111112222222211111111111111111111111111111111111111111111111222111111111111111111111
1111111111111111111111111111111111111111111111111111111111111111111111111111112111111111111111111111111111122221111111111111111222111111111111111111111111111111111111111111111122222222211111111111111111111111111111111111111111111111112111111111111111111111
1111111111111111111111111111111111111111111111111111111111111111111111111111222111111111111111111111111111222221111111111111111222222222111111111111111111111111111111111111111112222222221111111111111111111111111111111111111111111111122111111111111111111111
1111111111111111111111111111111111111111111111111111111111111111111111111111211111111111111111111111111112222221111111111111122222221222222111111111111111111111111111111111111111111122222211111111111111111111111111111111111111111111122211111111111111111111
1111111111111111111111111111111111111111111111111111111111111111112111111122221111111111111111111111111111222221111111111111122222211111222211111111111111111111111111111111111111111112222221111111111111111111111111111111111111111111112211111111111111111111
1111111111111111111111111111111111111111111111111111111111111211122211111112221111111111111111111111111111122221111111111111122222211111111221111111111111111111111111111111111111111111222221111111111111111111111111111111111111111111112122111111111111111111
1111111111111111111111111111111111111111111111111111111111112211222211111111221111111111111111111111111111112111111111111111111222211111111211111111111111111111111111111111111111111111222221111111111111111111111111111111111111111111112222111111111111111111
1111111111111111111111111111111111111111111111111111111111112222221111111111221111111111111111111111111111222211111111111111111222111111111211111111111111111111111111111111111111111111122221111111111111111111111111111111111111111111112222211111111111111111
1111111111111111111111111111111111111111111111111111111111112222221111112222222111111111111111111111111111211111111111111111111111111211112221111111111111111111111111111111111111111111112221111111111111111111111111111111111111111111122222211111111111111111
1111111111111111111111111111111111111111111111111111111111112222222222222111122111111111111111111111111112211111111111111111111111122211112221111111111111111111111111111111111111111111112221111111111111111111111111111111111111111111222222211111111111111111
1111111111111111111111111111111111111111111111111111111111122212212211111111111111111111111111111111111112111111111111111111111111222222222211111111111111111111111111111111111111111111112222111111111111111111111111111111111111111111111211111111111111111111
1111111111111111111111111111111111111111111111111111111111222222222211111111111111111111111111111111111112122111111111111111111112222212211111111111111111111111111111111111111111111111122222211111111111111111111111111111111111111111111111111111111111111111
1111111111111111111111111111111111111111111111111122111122221122222211111111111111111111111111111111111112222111111111111111122112222112221111111111111111111111111111111111111111111111112222111111111111111111111111111111111111111111111111111111111111111111
1111111111111111111111111111111111111111111111122222121122221111111111111111111111111111111111111111111111222111111111111111122222111111111111111111111111111111111111111111111111111111111222222111111111111111111111111111111111111111111111111111111111111111
1111111111111111111111111111111111111111111111222222221222221111111111111111111111111111111111111111111111122211111111111111112212111111111111111111111111111111111111111111111111111111111122222211111111111111111111111111111111111111111111111111111111111111
1111111111111111111111111111111111111111111111111211122221111111111111111111111111111111111111111111111111112211111111111111112212111111111111111111111111111111111111111111111111111111111112222111111111111111111111111111111111111111111111111111111111111111
1111111111111111111111111111111111111111111111112211122211111111111111111111111111111111111111111111111111112211111111111111112222211111111111111111111111111111111111111111111111111111111111221111111111111111111111111111111111111111111111111111111111111111
1111111111111111111111111111111111111111111111112111121111111111111111111111111111111111111111111111111111112211111111111111112222211111111111111111111111111111111111111111111111111111111111111111111111111111111111111111111111111111111111111111111111111111
1111111111111111111111111111111111111111111111112221111111111111111111111111111111111111111111111111111111122111111111111111112222211111111111111111111111111111111111111111111111111111111111111111111111111111111111111111111111111111111111111111111111111111
1111111111111111111111111111111111111111111111111121111111111111111111111111111111111111111111111111111111122111111111111111111222222111111111111111111111111111111111111111111111111111111111111111111111111111111111111111111111111111111111111111111111111111
1111111111111111111111111111111111111111112211111121111111111111111111111111111111111111111111111111111111222111111111111111111122222111111111111111111111111111111111111111111111111111111111111111111111111111111111111111111111111111111111111111111111111111
1111111111111111111111111111111111111111222222211121111111111111111111111111111111111111111111111111111112222211111111111111111121212111111111111111111111111111111111111111111111111111111111111111111111111111111111111111111111111111111111111111111111111111
1111111111111111111111111111111111111111222221221121111111111111111111111111111111111111111111111111111111222211111111111111111222222111111111111111111111111111111111111111111111111111111111111111111111111111111111111111111111111111111111111111111111111111
1111111111111111111111111111111111111111222211122122111111111111111111111111111111111111111111111111112222122211111111111111111222211111111111111111111111111111111111111111111111111111111111111111111111111111111111111111111111111111111111111111111111111111
1111111111111111111111111111111111111122212211112222211111111111111111111111111111111111111111111111112122222211111111111111111111222111111111111111111111111111111111111111111111111111111111111111111111111111111111111111111111111111111111111111111111111111
1111111111111111111111111111111111111121212211111222111111111111111111111111111111111111111111111112212111111111111111111111111111221111111111111111111111111111111111111111111111111111111111111111111111111111111111111111111111111111111111111111111111111111
1111111111111111111111111111111111111121111111111121111111111111111111111111111111111111111111111112222211111111111111111111111111211111111111111111111111111111111111111111111111111111111111111111111111111111111111111111111111111111111111111111111111111111
1111111111111111111111111111111111111121111111111111111111111111111111111111111111111111111111111112212211111111111111111111111222211111111111111111111111111111111111111111111111111111111111111111111111111111111111111111111111111111111111111111111111111111
1111111111111111111111111111112112221121111111111111111111111111111111111111111111111111111111111112111111111111111111111111112221111111111111111111111111111111111111111111111111111111111111111111111111111111111111111111111111111111111111111111111111111111
1111111111111111111111111111122122221221111111111111111111111111111111111111111111111111111111111111111111111111111111111111111222211111111111111111111111111111111111111111111111111111111111111111111111111111111111111111111111111111111111111111111111111111
1111111111111111111111111111122221122211111111111111111111111111111111111111111111111111111111111111111111111111111111111111111112211111111111111111111111111111111111111111111111111111111111111111111111111111111111111111111111111111111111111111111111111111
1111111111111111111111111111122221111111111111111111111111111111111111111111111111111111111111111111111111111111111111111111111112211111111111111111111111111111111111111111111111111111111111111111111111111111111111111111111111111111111111111111111111111111
1111111111111111111111111111122121111111111111111111111111111111111111111111111111111111111111111111111111111111111111111111111112211111111111111111111111111111111111111111111111111111111111111111111111111111111111111111111111111111111111111111111111111111
1111111111111111111112211111112221111111111111111111111111111111111111111111111111111111111111111111111111111111111111111112222222111111111111111111111111111111111111111111111111111111111111111111111111111111111111111111111111111111111111111111111111111111
1111111111111111111112221111112221111111111111111111111111111111111111111111111111111111111111111111111111111111111111111112222112211111111111111111111111111111111111111111111111111111111111111111111111111111111111111111111111111111111111111111111111111111
1111111111111111111111122111222211111111111111111111111111111111111111111111111111111111111111111111111111111111111111111112221111221111111111111111111111111111111111111111111111111111111111111111111111111111111111111111111111111111111111111111111111111111
1111111111111111111111112211211111111111111111111111111111111111111111111111111111111111111111111111111111111111111111111111221111221111111111111111111111111111111111111111111111111111111111111111111111111111111111111111111111111111111111111111111111111111
1111111111111111111111112222211111111111111111111111111111111111111111111111111111111111111111111111111111111111111111111111211111221111111111111111111111111111111111111111111111111111111111111111111111111111111111111111111111111111111111111111111111111111
1111111111111111111111112221211111111111111111111111111111111111111111111111111111111111111111111111111111111111111111111111111111211111111111111111111111111111111111111111111111111111111111111111111111111111111111111111111111111111111111111111111111111111
1111111111111111111111111111111111111111111111111111111111111111111111111111111111111111111111111111111111111111111111111111111112211111111111111111111111111111111111111111111111111111111111111111111111111111111111111111111111111111111111111111111111111111
1111111111111111111111111111111111111111111111111111111111111111111111111111111111111111111111111111111111111111111111111111111112211111111111111111111111111111111111111111111111111111111111111111111111111111111111111111111111111111111111111111111111111111
1111111111111111111111111111111111111111111111111111111111111111111111111111111111111111111111111111111111111111111111111111111111111111111111111111111111111111111111111111111111111111111111111111111111111111111111111111111111111111111111111111111111111111
1111111111111111111111111111111111111111111111111111111111111111111111111111111111111111111111111111111111111111111111111111111111111111111111111111111111111111111111111111111111111111111111111111111111111111111111111111111111111111111111111111111111111111
1111111111111111111111111111111111111111111111111111111111111111111111111111111111111111111111111111111111111111111111111111111111111111111111111111111111111111111111111111111111111111111111111111111111111111111111111111111111111111111111111111111111111111
1111111111111111111111111111111111111111111111111111111111111111111111111111111111111111111111111111111111111111111111111111111111111111111111111111111111111111111111111111111111111111111111111111111111111111111111111111111111111111111111111111111111111111
1111111111111111111111111111111111111111111111111111111111111111111111111111111111111111111111111111111111111111111111111111111111111111111111111111111111111111111111111111111111111111111111111111111111111111111111111111111111111111111111111111111111111111
1111111111111111111111111111111111111111111111111111111111111111111111111111111111111111111111111111111111111111111111111111111111111111111111111111111111111111111111111111111111111111111111111111111111111111111111111111111111111111111111111111111111111111
1111111111111111111111111111111111111111111111111111111111111111111111111111111111111111111111111111111111111111111111111111111111111111111111111111111111111111111111111111111111111111111111111111111111111111111111111111111111111111111111111111111111111111
1111111111111111111111111111111111111111111111111111111111111111111111111111111111111111111111111111111111111111111111111111111111111111111111111111111111111111111111111111111111111111111111111111111111111111111111111111111111111111111111111111111111111111
1111111111111111111111111111111111111111111111111111111111111111111111111111111111111111111111111111111111111111111111111111111111111111111111111111111111111111111111111111111111111111111111111111111111111111111111111111111111111111111111111111111111111111
