1111111111111111111111111111111111111111111111111111111111111111111111111111111111111111111111111111111111111111111111111111111111111111111111111111111111111111111111111111111111111111111111111111111111111111111111111111111111111111111111222222222222221111
1111111111111111111111111111111111111111111111111111111111111111111111111111111111111111111111111111111111111111111111111111111111111111111111111111111111111111111111111111111111111111111111111111111111111111111111111111111111111111111122222222222222222211
1111111111111111111111111111111111111111111111111111111111111111111111111111111111111111111111111111111111111111111111111111111111111111111111111111111111111111111111111111111111111111111111111111111111111111111111111111111111111111112222222222222222222221
1111111111111111111111111111111111111111111111111111111111111111111111111111111111111111111111111111111111111111111111112222211111111111111111111111111111111111111111111111111111111111111111111111111111111111111111111111111111111112222222222222222222222222
1111111111111111111111111111111111111111111111111111111111111111111111111111111111111111111111111111111111111111111111222202222111111111111111111111111111111111111111111111111111111111111111111111111111111111111111111111111111111222222222222000000022222222
1111111111111111111122222111111111111111111111111111111111111111111111111111111111111111111111111111111111111111111122200000000221111111111111111111111111111111111111111111111111111111111111111111111122222111111111111111111111111122222002000000000000222222
1111111111111111222222222221111111111111111111111111111111111111111111111111111111111111111111111111111111111111111220000000000021111111111111111111111111111111111111111111111111111111111111111111122221111111111111111111111111111222220000000000000000022222
1111111111111122220000000221111111111111111111111111111111111111111111111111111111111111111111111111111111111111112200000000000022111111111111111111111111111111111111111111111111111111111111111112221111111111111111111111111111212222200000000000000000002222
1111111111111222200000000222111111111111111111111111111111111111111111111111111111111111111111111111111111111111112000000000000022211111111111111111111111111111111111111111111111111111111111111112111111111111111111111111111112222222000000000000000000002222
1111111111111222000000000022111111111111111111111111111111111111111111111111111111111111111111111111111111111111122000000000000022211111111111111111111111111111111111111111111111111111111111111122111111111111111111111111111112122222000000000000000000002222
1111111111112220000000000022211111111111111111111111111111111111111111111111111111111111111111111111111111111111120000000000000022211111111111111111111111111111111111111111111111111111111111111121111111111111111111111111111112122222000000222200000000002222
2111111111122220000000000022211111111111111111111111111111111111111111111111111111111111111111111111111111111111120000000000000222211111111111111111111111111111111111111111111111111111111111111321111111111111111111111111111111222222200222222220000000002222
2111111111122220000000000222111111111111111111111111111111111111111111111111111111111111111111111111111111111111122000000022222222111111111111111111111111111111111111111111111111111111111111111321111111111111111111111111111111222222222222222220000000022222
2211111111122222000000222222111111111111111111111111111111111111111111111111111111111111111111111111111111111111122222222222222211111111111111111111111111111111111111111111111111111111111111111311111111111111111111111111111111222222222222222222000000022222
2211111111112222222222222221111111111111111111111111111111111111111111111111111111111111111111111111111113111111111222222222111111111111111111111111111111111111111111111111111111111111111111111311111111111111111111111111111111222222222222222222000000222222
2211111111112222222222222211111111111111111111111111111111111111111111111111111111111111111111111111111113111111111111111111111111111111111111111111113111111111111111111111111111111111111111111311111111111111111111111111111111222222222222222222000000222222
2211111111111122222222222111111111111111111111111111111111111111111111111111111111111111111111111111111111311111111111111111111111111111111111111113333111111111111111111111111111111111111111111311111111111111111111111111111111122222222222222222000000222222
2211111111111111122222111111111111111111111111111111111111111111111111111111111111111111111111111111111111311111111111111111111111111111111111133333111111111111111111111111111111111111111111111311111111111111111111111111111111112222222222222220000002222222
2211111111111111111111111111111111111111111111111111111111111111111111111111111111111111111111111111111111133111111111111111111111111111111113331111111111111111111111111111111111111111111111113311122222222222221111111111111111111222222222222220000002222222
2211111111111111111111111111111111111111111111111111111111111111111111111111111111111111111111111111111111113331111111111111111111111111111333111111111111111111111111111111111111111111111111113221131111111111122111111111111111111222222222222220000002222221
2111111111111111111111111111111111111111111111111111111111111111111111111111111111111111111111111111111111111133111111111111111111111111113311111111111111111111111111111111111111111111111111112221331111111111112111111111111111111222222222222220000002222221
2111111111111111111111111111111111111111111111111111111111111111111111111111111111111111111111111111111111111113311111111111111111111111133111111111111111111111111111111111111111111111111111112233111111111111112211111111111111112212222222222220000002222221
1111111111111111111111111111111111111111111111111111111111111111111111111111111111111111111111111111111111111111311111111111111111111111331111111111111111111111111111111111111111111111111111113211111111111111111221111111111111222112222222222220000002222211
1111111111111111111111111111111111111111111111111111111111111111111111111111111111111111111111111111111111111111131111111111111111111133331111111111111111111111111111111111111111131111111111332211111111111111111122211111112222111112222222222220000002222211
1111111111111111111111111111111111111111111111111111111111111111111111111111111111111111111111111111111111111111131111111111111111111333311111111111111111111111111111111111111111311111111113311111111111111111111111222222222111111112222222222220000002222211
1111111111111111111111111111111111111111111111112111111111111111111111111111111111111111111111111111111111111111131111111111111111113311111111111111111111111111111111111111111113111111111133111111111111111111111111111211111111111112222222222200000002222111
1111111111111111111121111111111111111111111111112111111111111111111111111111111111111111111111111111111111111111131111111111111111113111111111111111111111111111111111111111111133111111111331111111111122111111111111111211111111111112112222222200000022222111
1111111111111111111122111111111111111111111111112111111111111111111111111111111111111111111111111111111111111111131111111111111111133111111111111111111111111111111111111111111131111111113311111111222222222211111111111211111111111112112222222200000022222111
1111111111111111111111221111111111111111111111112111111111111111111111111111111111111111111111111111111111111111133111111111111111131111111111111111111111111111111111111111111311111111331111111122202222022222111111111211111111111111112222222200000222222111
1111111111111111111111122211111111111111111111112111111111111111111111111111111111111111111111111111111111111111113333311111111111331111111111111111111111111111111111111111113311111113311111111220000000000002221111111211111111111111122222222200000222221111
1111111111111111111111111222111111111111111111112111111111111111111111133333333331111111111111111111111111111111111111133311111111311111111111111111111111111111111111111111113111111133111111112200000000000000221111111221111111111111212222222200002222221111
1111111111111111111111111112221111111111111111112111111111111111111111330000000033311111111111111111111111111111111111111331111113311111111111111111111111111111111111111111133211111331111111122200000000000000222111111121111111111112212222222220222222211111
1111111111111111111111111111122211111111111111122111211111111111111113300000000003331111111111111111111111111111111111111133111133111111111111111111111111111111111111111111131233333111111111222200000000000000222111111121111111111112112222222222222222211111
1111111111111111111111111111111222111111111111121112211111111111111113000000000000331111111111111111111111111111111111111113111331111111111111111111111111111111111111111111331111111111111111222000000000000000222111111122111111111112112222222222222222121111
1111111111111111111111111111111112221111111111121122111111111111111113000000000000331111111111111111111111111111111111111111333311111111111111111111111111111111111111111111331111111111111111222000000000022222221111111112111111111112111222222222222222121111
1111111111111111111111111111111111122211111111121221111111111111111130000000000003331111111111111111111111111111111111111113331111111111111111111111111111111111111111111111331111111111111111222000000000222222211111111112211111111112211122222222222221111111
1111111111111111111111111111111111111222111111122211111111111111111333000000000003331111111111111111111222111111111111111113111111111111111111111111111111111111111111111113311111111111111111222000000002222221111111111111221111111111221122222222222221111111
1111111111111111111111111111111111111112221111121111111111111111111333333333333333331111111111111111122211111111111111111333111111111111111111111111111111111111111111111113311111111111111111222000000002221111111111111111122111111111111112222222222211111111
1111111111111111111111111111111111111111122111121111111111111111111133333333333333311111111111111111221111111111111111113311111111111111111111111111111111111111111111111133311111111111111111222200000022221111111111111111112211111111111112222222222211111111
1111111111111111111111111111111111111111112211122111111111111111111111111333333333111111111111111112211111111111111111133111111111111111111111111111111111111111111111111133311111111111111111122220002222111111111111111111111221111111111111222222222211111111
1111111111111111111111111111111111111111111221112111111111111111111111111113331111111111111111111112111111111111111111131111111111111111111111111111111111111111111111111133111111111111111111112222222221111111111111111111111122111111111111222222211211111111
1111111111111111111111111111111111111111111122112211111111111111111111111111111111111111111111111112111111111111111111331111111111111111111111111111111111111111111111111333111111111111111111111222222211111111111111111111111112211111111111122112221221111111
1111111111111111111111111111111111111111111112211211111111111111111111111111111111111111111111111121111111111111111111311111111111111111111111111111111111111111111111111333111111111111111111111122221111111111111111111111111111122111111111222222211121111111
1111111111111111111111111111111111111111111111221211111111111111111111111111111111111111111111111121111111111111111111311111111111111111111111111111111111111111111111111333111111111111111111111111211111111111111111111111111111112211111111111111111122111111
1111111111111111111111111111111111111111111111121221111111111111111111111111111121111111111111111121111111111111111111311111111111111111111111111111111111111111111111111331111111111111111111111111211111111111111111111111111111111221111111111111111112111111
1111111111111111111111111111111111111111111111122121111111111111111111111111111122111111111111111121111111111111111111311111111111111111111111111111111111111111111111113331111111111111111111111111211111111111111111111111111111111121111111111111111112211111
1111111111111111111111112222211111111111111111112222111111111111111111111111111112211111111111111121111111111111111111311111111111111111111111111111111111111111111111113311111111111111111111111111211111111111111111111111111111111111111111111111111111211111
1111111111111111111111111111222211111111111111111222111111111111111111111111111111221111111111111121111111111111111111311111111111111111111111111111111111111111111111113311111111111111111111111112111111111111111111111111111111111111111111111111111111211111
1111111111111111111111111111111122211111111111111122211111111111111111111111111111112221111111111221111111111111111111311111111111111111111111111111111111111111111111133111111111111111111111111112111111111111111111111111111111111111111111111111111111221111
1111111111111111111111111111111111222111111111111122211111111111111111111111111111111112222111111211111111111111111111311111111111111111111111111111111111111111111111133111111111111111111111111122112222222111111111111111111111111111111111111111111111121111
1111111111111111111111111111111111112221111111111112211111111111111111111111111111111111112211111211111111111111111111331111111111111111111111111111111111111111111111333111111111111111111111111211221111112211111111111111111111111111111111111111111111121111
1111111111111111111111111111111111111122111111111111221111111111111111111111111111111111111122111211111111111111111111131111111111111111111111111111111111111111111111331111111111111111111111112112111111111221111111111111111111111111111111111111111111121111
1111111111111111111111111111111111111112211111111111133111111111111111111111111111111111111112211211111111111111111111133111111111111111111111111111111111111111111113331111111111111111111111121111111111111122111111111111111111111111111111111111111111121111
1111111111111111111111111111111111111111122111111111113311111111111111111111111111111111111111211211111111111111111111113311111111111111111111111111111111111111111113331111111111111111111111221111111111111112211111111111111111111111222222111111111111121111
1111111111111111111111111111111111111111112211111111111331111111111111111111111111111111111111121211111111111111111111111331111111111111111111111111111111111111111133311111111111111111111111211111111111111111221111111111111111111112200002211111111111211111
1111111111111111111111111111111111111111111221111111111133111111111111111111111111111111111111122211111111111111111111111133111111111111111111111111111111111111111133333311111111111111111112111111111111111111112211111111111111111112200000222111111111211111
1111111111111111111111111111111111111111111122111111111113311111111111111111111111111111111111111211111111111111111111111113311111111111111111111111111111111111111333333331111111111111111111111111111111111111111221111111111111111112200000022111111111211111
1111111111111111111111111111111111111111111112211111111111331111111111111111111111111111111111111211111111111111111111111111333111111111111111111111111111111111113333333333311111111111111131111111111111111111111111111111111111111112200000022111111112211111
1111111111111111111111111111111111111111111111221111111111133111131111111111111111111111111111111211111111111111111111111111113333333111111111111111111111111111133333333333333111111111133331111111111111111111111111111111111111111112220000222111111112111111
1111111111111111111111111111111111111221111111122111111111113311131111111111111111111111111111111211111111111111111111111111111113333331111111111111111111111111333313111113333311111133311111111111111111111111111111111111111111111112220000221111111112111111
1111111111111111111111111111111111122002221111112111111111111331131111111111111111111111111111112211111111111111111111111111111111113333111111111111111111111111333111111111111333333331331111111111111111111111111111111111111111111111222202221111111122111111
1111111111111111111111111111111122200000022111111211111111111133331111111111111111111111111111112111111111111111111111111111111111111333331111111111111111111113331111111111111111331111133311111111111111111111111111111111111111111111112222221111111111111111
1111111111111111111111111111111220000000002211111121111111111111131111111111111111111111111111112111111111111111111111111111111111111133333111111111111111111133331111111111111111111111111331111111111111111111111111111111111111111111111122111111111111111111
1111111111111111111111111111112200000000000221111122111111111111333111111111111111111111111111112111111111111111111111111111111111111113333311111111111111111333311111111111111111111111111133111111111111111111111111111111111111111111111111111111111111111111
1111111111111111111111111111112200000000000021111111221111111111133111111111111111111111111111112111111111111111111111111111111111111111133331111111111111113333111111111111111111111111111113311111111111111111111111111111111111111111111111111111111111111111
1111111111111111111111111111112200000000000021111111122111111111113311111111111111111111111111122111111111111111111112222221111111111111133331111111111111133331111111111111111111111111111111331121111111111111111111111111111111111111111111111111111111111111
1111111111111111111111111111111222200000000021111111112221111111113331111111111111111111111111121111111111111111111222222222222222221111113333111111111113333311111111111111111111111111111111133121111111111111111111111111111111111111111111111111111111111111
1111111111111111111111111111111111220000000221111111111122221111111311111111111111111111111111121111111111111111111220000002222200222211111333111111111133333111111111111111111111111111111111113321111111111111111111111111111111111111111111111111111111111111
1111111111111111111111111111111111222000000221111111111111122222221311111111111111111111111111121111111111111111111122000000000000000221111333311111111333311111111111111111111111111111111111111322111111111111111111111111111111111111111111111111111111111111
1111111111111111111111111111111111122000002221111111111111111111122331111111111111111111111111221111111111111111111111122222222000000221111333311111133331111111111111111111111111111111111111111112211111111111111111111111111111111111111111111111111111111111
1111111111111111111111111111111111112222222211111111111111111111111131111111111111111111111111211111111111111111111111111111111111222211111133311111333311111111111111111111111111111111111111111111211111111111111111111111111111111111111111111111111111111111
1111111111111111111111111111122222111222222111111111111111111111111133111111111111111111111111211111111111111111111111111111111111111111111133311133333111111111111111111111111111111111111111111111121111111111111111111111111111111111111111111111111111111111
1111111111111111111111111111220002111111111111111111111111111111111113111111111111111111111112211111111111111111111111111111111111111111111133313333331111111111111111111111111111111111111111111111122111111111111111111111111111111111111111111111111111111111
1111111111111111111111111111200002211111111111111111111111111111111113311111111111111111111112111111111111111111111111111111111111111111111133333333311111111111111111111111111111111111111111111111112211111111111111111111111111111111111111111111111111111111
1111111111111111111111111111220002211111111111111111111111111111111111331111111111111111111122111111111111111111111111111111111111111111111333333333111111111111111111111111111111111111111111111111111221111111111111111111111111111111111111111111111111111111
1111111111111111111111111111222222211111111111111111111111111111111111131111111111111111111221111111111111111111111111111111111111111111111333333311111111111111111111111111111111111111111111111111111122111111111111111111111111111111111111111111111111111111
1111111111111111111111111111122222111111111111111111111111111111111111131111111111111111112211111111111111111111111111111111111111111111113333333111111111111111111111111111111111111111111111111111111112211111111111111111111111111111111111111111111111111111
1111111111111111111111111111111111111111111111111111111111111111111111133111111111111111122111111111111111111111111111111111111111111111133333311111111111111111111111111111111111111111111111111111111111221111111111111111111111111111111111111111111111111111
1111111111111111111111111111111111111111111111111111111111111111111111113111111111111111221111111111111111111111111111111111111111111111333333111111111111111111111111111111111111111111122222221111111111122111111111111111111111111111111111111111111111111111
1111111111111111111111111111111111111111111111111111111111111111111111113111111111111222111111111111111111111111111111111111111111111111333331111111111111111111111111111111111111222222221111111111111111112221111111111111111111111111111111111111111111111111
1111111111111111111111111111111111111111111111111111111111111111111111113311111111222211111111111111111111111111111111111111111111111113333311111111111111111111111111111111111112211111111111111111111111111122211111111111111111111111111111111111111111111111
1111111111111111111111111111111111111111111111111111111111111111111111111311111222111111111111111111111111111111111111111111111111111133333111111111111111111111111111111111111112111111111111111111111111111111222111111111111111111111111111111111111111111111
1111111111111111111111111111111111111111111111111111111111111111111111111311112211111111111111111111111111111111111111111111111111111333331111111111111111111111111111111111111122111111111111111111111111111111112221111111111111111111111111111111111111111111
1111111111111111111111111111111111111111111111111111111111111111111111111311121111111111111111111111111111111111111111111111111111111333311111111111111111111111111111111111111121111111111111111111111111111111111122111111111111111111111111111111111111111111
1111111111111111111111111111111111111111111111111111111111111111111111111312211111111111111111111111111111111111111111111111111111113333111111111111111111111111111111111111111221111111111111111111111111111111111111221111111111111111111111111111111111111111
1111111111111111111111111111111111111111111111111111111111111111111111111312111111111111111111111111111111111111111111111111111111133331111111111111111111111111111111111111111211111111111111111111111111111111111111122111111111111111111111111111111111111111
1111111111111111111111111111111111111111111111111111111111111111111111111311111111111111111111111111111111111111111111111111111111333331111111111111111111111111111111111111112211111111111111111111111111111111111111112211111111111111111111111111111111111111
1111111111111111111111111111111111111111111111111111111111111111111111111311111111111111111111111111111111111111111111111111111111333311111111111111111111111111111111111111112111112211111111111111111111111111111111111221111111111111111111111111111111111111
1111111111111111111111111111111111111111111111111111111111111111111111111311111111111111111111111111111111111111111111111111111111333311111111111111111111111111111111111222222222222111111111111111111111111111111111111122111111111111111111111111111111111111
1111111111111111111111111111111111111111111111111111111111111111111111111311111111111111111111111111111111111111111111111111111113333111111111111111111111111111111111222111112111111111111111111111111111111111111111111112211111111111111111111111111111111111
1111111111111111111111111111111111111111111111111111111111111111111111111311111111111111111111111111111111111111111111111111111113333111111111111111111111111111111112211111111111111111111111111111111111111111111111111111221111111111111111111111111111111111
1111111111111111111111111111111111111111111111111111111111111111111111111311111111111111111111111111111111111111111111111111111113333111111111111111111111111111111122111111111111111111111111111111111111111111111111111111122111111111111111111111111111111111
1111111111111111111111111111111111111111111111111111111111111111111111111311111111111111111111111111111111111111111111111111111113333111111111111111111111111111111221221111111111111111111111111111111111111111111111111111112211111111111111111111111111111111
1111111111111111111111111111111111111111111111111111111111111111111111111311111111111111111111111111111111111111111111111111111133333111111111111111111111111111111222221111111111111111111111111111111111111111111111111111111211111111111111111111111111111111
1111111111111111111111111111111111111111111111111111111111111111111111111311111111111111111111111111111111111111111111111111111133333111111111111111111111111111112222111111111111111111111111111111111111111111111111111111111221111111111111111111111111111111
1111111111111111111111111111111111111111111111111111111111111111111111111311111111111111111111111111111111111111111111111111111133333111111111111111111111111111122221111111111111111111111111111111111111111111111111111111111122111111111111111111111111111111
1111111111111111111111111111111111111111111111111111111111111111111111111311111111111111111111111111111111111111111111111111111133333111111111111111111111111111122211111111111111111111111111111111111111111111111111111111111112211111111111111111111111111111
1111111111111111111111111111111111111111111111111111111111111111111111111331111111111111111111111111111111111111111111111111111133333311111111111111111111111111222211122211111111111111111111111111111111111111111111111111111111122111111111111111111111111111
1111111111111111111111111111111111111111111111111111111111111111111111111131111111111111111111111111111111111111111111111111111133333311111111111111111111111112222222221111111111111111111111111111111111111111111111111111111111112211111111111111111111111111
1111111111111111111111111111111111111111111111111111111111111111111111111131111111111111111111111111111111111111111111111111111133333311111111111111111222222222222221111111111111111111111111111111111111111111111111111111111111111221111111111111111111111111
1111111111111111111111111111111111111111111111111111111111111111111111111113111111111111111111111111111111111111111111111111111113333311111111111111222222222211111222111111111111111111111111111111111111111111111111111111111111111122211111111111111111111111
1111111111111111111111111111111111111111111111111111111111111111111111111113311111111111111111111111111111111111111111111111111113333311111111111122222222111111111122221111111111111111111111111111111111111111111111111111111111111111222111111111111111111111
1111111111111111111111111111111111111111111111111111111111111111111111111111331111111111111111111111111111111111111111111133333333333333331111122222222111111111111112211111111111121111111111111111111111111111111111111111111111111111112211111111111111111111
1111111111111111111111113331111111111111111111111111111111111111111111111111133111111111111111111111111111111111111111113333333333333333333331122222221111111111111111211111111111122211111111111111111111111111113331111111111111111111111221111111111111111111
1111111111111111111111330333331111113333111111111111111111111111111111111111113331111111111111111111111111111111111111333333333333333333333333322222211111111111111111221111222222222221111111111111111111111333333333333111111111111111111122111111111111111111
1111111111111111111113300000033111111113331111111111111111111111111111111111111111111111111111111111111111111111111133333333333333333333333333332122111111111111111111121111220000022222111111111111111111113333300333333111111111111111111112211111111111111111
1111111111111111111113000000033311111111133111111111111111111111111111113333333333111111111111111111111111111111111333333333333333333333333333333221111111111111111111112112220000000022111111111111111111113300000000333111111111111111111111211111111111111111
1111111111111111111113000000033311111111113311111111111111111111111133331111111113333331111111111111111111111111113333333333333333333333333333333331111111111111111111111112200000000022211111111111111111113300000000033311111111111111111111221111111111111111
1111111111111111111113000000033311111111111331111111111111111111111333111111111111111133331111111111111111111111133333333333333333333333333333333331111111111111111111111111222220000022211111111111111111113300000000333311111111111111111111121111111111111111
1111111111111111111113000000033111111111111133111111111111111113333311111111111111111111133311111111111111111111333333333333333333333333333333333333111111111111111111111111121122000122211111111111111111113300000000333111111111111111111111121111111111111111
1111111111111111111113333333333111111111111113311111111111111333331111111111111111111111111331111111111111111113333333333333333333333333333333333333111111111111111111111111111112220222211111111111111111111303330000333111111111111111111111121111111111111111
1111111111111111111111333333331111111111111111333111111111333333111111111122211111111111111113311111111111111133333333333333333333333333333333333333311111111111111111111111111112222212211111111111111111111333333003331111111111111111111111121111111111111111
1111111111111111111111111111111111111111111111113331111133311111111111122211222111111111111111331111111111111333333333333333333333333333333333333333331111111111111111111111111111111112111111111111111111111111133333331111111111111111111111211111111111111111
1111111111111111111111111111111111111111111111111133313331111111111111122111111111111111111111133111111111111333333333333333333333333333333333333333331111111111111111111111111111111111111111111111111111111111113333311111111111111111111111211111111112111111
1111111111111111111111111111111111111111111111111111333111111111111112222111221111111111111111111331111111113333333333333333333333333333333333333333333111111111111111111111111111111111111111111111111111111111111133311111111111111111111112211111111112111111
1111111111111111111111111111111111111111111111111111331111122122222222222222222222211111111111111133111111133333333333333333333333333333333333333333333111111111111111122222222221111111111111111111111111111111111113111111111111111111111112111111111112111111
1111111111111111111111111111111111111111111111111113311112221222222222222100022222221222211111111113111111133333333333333333333333333333333333333333333111111111122222222222222222211111111111111111111111111111111111111111111111111111111221111111111112111111
1111111111111111111111111111111111111111111111111331111112122222222222200000000222221112222111111113311111133333333333333333333333333333333333333333333111111112222222000000000000221111111111111111111111111111111111111111111111111111122211111111111112111111
1111111111111111111111111111111111111111111111113311111122222222000000000000000022221111222111111111311111133333333333333333333333333333333333333333333111111112222000000000000000021111111111111111111111111111111111111111111111111122221111111111111112111111
1111111111111111111111111111111111111111111111331111111121222000000000000000000022221111111111111111331111333333333333333333333333333333333333333333333111111122200000000000000000022111111111111111111111111111111111111111111111122221111111111111111112111111
1111111111111111111111111111111111111111111113311111111122220000000000000000000022222111111111111111131111333333333333333333333333333333333333333333333111111122000000000000000000022111111111111111111111111111111111111111111333221111111111111111111112111111
1111111111111111111111111111111111111111111133111111111222220000000000000000000022222222211111111111133111333333333333333333333333333333333333333333333111111220000000000000000000022111111111111111111111111111111111111111133311111111111111111111111112111111
1111111111111111111111111111111111111111113311111111111222220000000000000000000022222222222211111111113111133333333333333333333333333333333333333333333111112220000000000000000000022111111111111111111111111111111111111113311111111111111111111111111112111111
1111111111111111111111111111111111111111133111111111111112220000000000000000000222222222222221111111113311133333333333333333333333333333333333333333333111112200000000000000000002222111111111111111111111111111111111111133111111111111111111111111111112111111
1111111111111111111111111111111111111111331111111111111112222000000000000000000000022222222222211111111311133333333333333333333333333333333333333333333111112200000000002222222222211111111111111111111111111111111111111331111111111111111111111111111112111111
1111111111111111111111111111111111111133311111111111111112222200000000000000000000000022222222221111111331133333333333333333333333333333333333333333333111112200000000222221111111111111111111111111111111111111111111133311111111111111111111111111111112111111
1111111111111111111111111111111133333331111111111111111112222200000000000000000000000000222222221111111333333333333333333333333333333333333333333333331111112200000022222111111111111111111111111111111111111111111113331111111111111111111111111111111122111111
1111111111111111111111111111111111221111111111111111111111222200000000000000000000000000002222222111111131333333333333333333333333333333333333333333331111112200000222221111111111111111111111111111111111111111111333311111111111111111111111111111111221111111
1111111111111111111111111111111122111111111111111111111111222000000000000000000000000000000222222211111113333333333333333333333333333333333333333333331111112200022222211111111111111111111111111111111111111111133331111111111111111111111111111111112211111111
1111111111111111111111111111112211111111111111111111111112220000000000000000000000000000000022222211111111333333333333333333333333333333333333333333331111111222222221111111111111111111111111111111111111111111333111111111111111111111111111111111112111111111
1111111111111111111111111111122111111111111111111111111112220000000000000000000000000000000002222211111111111333333333333333333333333333333333333333331111111122222111111111111111111111111111111111111111111113331111111111111111111111111111111111122111111111
1111111111111111111111111111221111111111111111111111111112220000000000000000000000000000000002222211111111111333333333333333333333333333333333333333333111111112211111111111111111111111111111111111111111111133331111111111111111111111111111111111121111111111
1111111111111111111111111112211111111111111111111111111112200000000000000000000000000000000002222211111111111333333333333333333333333333333333333333333111111111111112221112222211111111111111111111111111111333331111111111111111111111111111111111221111111111
1111111111111111111111111122111111111111111111111111111122200000000000000000000000000000000002222211111111111333333333333333333333333333333333333333333111111111111122222222222211111111111111111111111111113333311111111111111111111111111111111111211111111111
1111111111111111111111111221111111111111111111111111111122200000000000000000000000000000000002222211111111111333333333333333333333333333333333333333333111111111112222220000012111111111111111111111111111133333311111111111111111111111111111111112211111111111
1111111111111111111111112211111111111111111111111111111122200000000000000000000000000000000002222111111111113333333333333333333333333333333333333333333311111111112222000000022211111111111111111111111111333333111111111111111111111111111111222212211111111111
1111111111111111111111122111111111111111111111111111111122200000000000000000000000000000000002222111111111113333333333333333333333333333333333333333333311111111111220000000022221111111111111111111111113333331111111111111111111111111111122211222111111111111
1111111111111111111111221111111111111111111111111111111122200000000000000000000000000000000022222111111111113333333333333333333333333333333333333333333311111111111220000000222121111111111111111111111133333311111111111111111111111111111221111112211111111111
1111111111111111111112211111111111111111111111111111111122220000000000000000000000000000002222222111111111113333333333333333333333333333333333333333333311111111111220000222221111111111111111111111111333333311111111111111111111111111112222111111221111111111
1111111111111111111112111111111111111111111111111111111122220000000000000000000000002222222222221111111111113333333333333333333333333333333333333333333311111111111222222222222111111111111111111111133333333111111111111111111111111111112211111111122111111111
1111111111111111111122111111111111111111111111111111111122222000000000000000000000222222222222221111111111113333333333333333333333333333333333333333333311111111111122222222221111111111111111111113333333331111111111111111111111111111122111111111112111111111
1111111111111111111121111111111111111111111111111111111122222200000000000000000002222222222222221111111111111333333333333333333333333333333333333333333311111111111122222222221111111111111111111133333333333311111111111111111111111111121111111111112211111111
1111111111111111111211111111111111111111111111111111111122222200000000000000000022222222222222221111111111111333333333333333333333333333333333333333333111111111111111221111111111111111111111113333311333333333111111111111111111111111121111111111111221111111
1111111111111111111211111111111111111111111111111111111122222220000000000000000222222221222222222111111111111113333333333333333333333333333333333333333333311111111111111111111111111111111111133331111111333333311111111111111111111111121111111111111121111111
1111111111111111112211111111111111111111111111111111111122222222000000000000000222222111122222222111111111111111113333333333333333333333333333333333333333333333111111111111111111111111111113333111111111113333333111111111111111111111121111111111111121111111
1111111111111111112111111111111111111111111111111111111112222222000000000000002222221111111222221111111111111111111133333333333333333333333333333333333333333333333331111111111113111133333333311111111111111133333311111111111111111111121111111111111122111111
1111111111111111112111111111111111111111111111111111111112222222200000000000002222211111111111111111111111111111111111111111333113333333333333331111333333333333333333333333333333333333333331111111111111111113333331111111111111111111122111111111111112111111
1111111111111111112111111111111111111111111111111111111112222222200000000000022222112111111111211111111111111111111111111111111111333333331111111111111111333333333333333333333333333331111121111111111111111111133333111111111111111111112111111111111112111111
1111111111111111122111111111111111111111111111111111111111222222220000000000222222222222111111221111111111111111111111111111111111333333331111111111111111111111111133333331111111111111111121111111111111111111111333311111111111111111112111111111111112111111
1111111111111111121111111111111111111111111111111111111111222222220000000002222222222222211111111111111111111111111111111111111111333333311111111111111111111111111111111111111111111111111122111111111111111111111133311111111111111111112211111111111112111111
1111111111111111121111111111111111111111111111111111111111222222222200000022222221122222211111111111111111111111111111111111111111333333311111111111111111111111111111111111111111111111111112111111111111111111111113331111111111111111111211111111111112111111
1111111111111111121111111111111111111111111111111111111111222222222222222222222211122222211111111111111111111111111111111111111111333333311111111111111111111111111111111111111111111111111111211111111111111111111111333111111111111111111211111111111112111111
1111111111111111121111111111111111111111111111111111111111112222222222222222222211111111111111111111111111111111111111111111111113333333111111111111111111111111111111111111111111111111111111221111111111111111111111133111111111111111111221111111111112111111
1111111111111111121121111111111111111111111111111111111111111221222222222222222111111111111111111111111111111111111111111111111113333333111111111111111111111111111111111111111111111111111111122111111111111111111111133311111111111111111121111111111112111111
1111111111111111121121111111111111111111111111111111111111111122222222222222221111111111111111111111111111111111111111111111111113333331111111111111111111111111111111111111111111111111111111112111111111111111111111133311111111111111111121111111111112111111
1111111111111111121112111111111111111111111111111111111111111111111222222222221111111111111111111111111111111111111111111111111113333311111111111111111111111111111111111111111111111111111111111211111111111111111111133311111111111111111121111111111112111111
1111111111111111121112111111111111111111111111111111111111111111111112222222111111111111111111111111111111111111111111111111111133333311111111111111111111111111111111111111111111111111111111111121111111111111111111133311111111111111111122111111111112111111
1111111111111111121112211111111111111111111111111111111111111111111111111111111111111111111111111111111111111111111111111111111133333111111111111111111111111111111111111111111111111111111111111122111111111111111111133311111111111111111112111111111112111111
1111111111111111121111211111111111111111111111111111111111111111111111111111111111111111111111111111111111111111111111111111111333333111111111111111111111111111111111111111111111111111111111111112211111111111111111133311111111111111111112111111111121111111
1111111111111111121111221111111111111111111111111111111111111111111111111111111111111111111111111111111111111111111111111111111333331111111111111111111111111111111111111111111111111111111111111111221111111111111111333311111111111111111112111111111121111111
1111111111111111121111121111111111111111111111111111111111111111111111111111111111111111111111111111111111111111111111111111113333311111111111111111111111111111111111111111111111111111111111111111122111111111111111333311111111111111111112111111111121111111
1111111111111111121111122111111111111111111111111111111111111111111111111111111111111111111111111111111111111111111111111111133333311111111111111111111111111111111111111111111111111111111111111111111221111111111111333311111111111111111112111111111221111111
1111111111111111121111112111111111111111111111111111111111111111111111111111111111111111111111111111111111111111111111111111133333111111111111111111111111111111111111111111111111111111111111111111111122111111111111333111111111111111111112111111111211111111
1111111111111111121111112211111111111111111111111111111111111111111111111111111111111111111111111111111111111111111111111111333333111111111111111111111111111111111111111111111111111111111111111111111112211111111111333111111111111111111112111111112211111111
1111111111111111121111111221111111111111111111111111111111111111111111111111111111111111111111111111111111111111111111111111333331111111111111222111111111111111111111111111111111111111111111111111111121221111111111133111111111111111111112111111112111111111
1111111111111111121111111122111111111111111111111111111111111111111111111111111111111111111111111111111111111111111111111111333331111111111222222221111111111111111111111111111111111111111111111111111222122111111111133111111111111111111112111111112111111111
1111111111111111121111111112211111111111111111111111111111111111111111111111111111111111111111111111111111111111111111111111333311111111122210022222211111111111111111111111111111111111111111111111112212112111111111133311111111111111111122111111121111111111
1111111111111111121111111111221111111111111111111111111111111111111111111111111221111111111111111111111111111111111111111113333311111111122200000000221111111111111111111111111111111111111111111111112112111211111111113311111111111111111121111111121111111111
1111111111111111121111111111122111111111111111111111111111111111111111111111112222222111111111111111111111111111111111111113333311111111222000000000022211111111111111111111111111111111111111111111122112111221111111113331111111111111111221111111221111111111
1111111111111111121111111111112221111111111111111111111111111111111111111111122222222211111111111111111111111111111111111113333311111112220000000000001221111111111111111111111111111111111111111111221112111122111111113333111112222111111211111111211111111111
1111111111111111121111111111111122211111111111111111111111111111111111111111222200022211111111111111111111111111111111111113333311111112200000000000000221111111111111111111111111111111111111111112211112111112111111111331211122022122112211111112211111111111
1111111111111111121111111111111111222222111111111111111111111111111111111111222000022211111111111111111111111111111111111111333111111122200000000000000222111111111111111111111111111111111111111112111112111112211111111331211122222222222111111112111111111111
1111111111111111121111111111111111111112222222111111111111111111111111111111222000022211111111111111111111111111111111111111333111111122200000000000002222111111111111111111111111111111111111111121111112111111211111111131221122221222221111111122111111111111
1111111111111111121111111111111111111111111112222211111111111111111111111111222200022211111111111111111111111111111111111111333111111122200000000000022222111111111111111111111111111111111111111221111112211111221111111111122222222222211111111121111111111111
1111111111111111121111111111111111111111111111111222111111111111111111111111122222222211111111111111111111111111111111111111333111111122200000000002222221111111111111111111112222222221111111122111111111211111121111111111112200002221111111111221111111111111
1111111111111111121111111111111111111111111111111112221111111111111111111111112222222111111111111111111111111111111111111111333111111122222222222222222221111111111111111111222111111122221122211111111111211111121111111111122000002211111111111211111111111111
1111111111111111121111111111111111111111111111111111122111111111111111111111111111111111111111111111111111111111111111111111333111111111222222222222222211111111111111111112211111111111122221111111111111221111112111111111122000002211111111112211111111111111
1111111111111111121111111111111111111111111111111111112211111111111111111111111111111111111111111111111111111111111111111111333111111111111111111112222111111111111111111112111111111111122111111111111111121111112111111111122200000221111111112111111111111111
1111111111111111121111111111111111111111111111111111111221111111111111111111111111111111111111111111111111111111111111111111133111111111111111111111111111111111111111111121111111111111221111111111111111121111112211111111122200000022111111122111111111111111
1111111111111111121111111111111111111111111111111111111122111111111111111111111111111111111111111111111111111111111111111111133311111111111111111111111111111111111111111221111111111112211111111111111111121111111211111111112200000122111111121111111111111111
1111111111111111121111111111111111111111111111111111111112211111111111111111111111111111111111111111111111111111111111111111113311111111111111111111111111111111111111111211111111111112111111111111111111122111111211111111112222222222111111221111111111111111
1111111111111111121111111111111111111111111111111111111111221111111111111111111111111111111111111111111111111111111111111111113331111111111111111111111111111111111111112211111111111122111111111111111111112111111221111111111222222221111111211111111111111111
1111111111111111122111111111111111111111111111111111111111121111111111111111111111111111111111111111111111111111111111111111111333111111111111111111111111111111111111112111111111111111111111111111111111112111111121111111111111121111111111211111111111111111
1111111111111111112111111111111111111111111111111111111111112111111111111111111111111111111111111111111111111111111111111111111333311111111111111111111111111111111111112111111111111111111111111111111111112111111121111111111111111111111111211111111111111111
1111111111111111112111111111111111111111111111111111111111112211111111111111111111111111111111111111111111111111111111111111111111333111111111111111111111111111111111122111111111111111111111111111111111111211111112111111111111111111111111211111111111111111
1111111111111111112111111111111111111111111111111111111111111211111111111111111111111111111111111111111111111111111111111111111111133331111111111111111111111111111111121111111111111111111111111111111111111211111112211111111111111111111112211111111111111111
1111111111111111112111111111111111111111111111111111111111111121111111111111111111111111111111111111111111111111111111111111111111113333111111111111111111111111111111121111111111111111111111111111111111111111111111221111111111111111111112111111111111111111
1111111111111111112111111111111111111111111111111111111111111122111111111111111111111111111111111111111111111111111111111111111111111333311111111111111111111111111111121111111111111111111111111111111111111111111111122111111111111111111112111111111111111111
1111111111111111112111111111111111111111111111111111111111111112111111111111111111111111111111111111111111111111111111111111111111111133331111111111111111111111111111121111111111111111111111111111111111111111111111111111111111111111111112111111111111111111
1111111111111111112111111111111111111111111111111111111111111112211111111111111111111111111111111111111111111111111111111111111111111113333111111111111111111111111111121111111111111111111111111111111111111111111111111111111111111111111112111111111111111111
1111111111111111112111111111111111111111111111111111111111111111211111111111111111111111111111111111111111111111111111111111111111111113333111111111111111111111111111121111111111111111111113111111111111111111111111111111111111111111111112111111111111111111
1111111111111111112111111111111111111111111111111111111111111111221111111111111111111111111111111111111111111111111111111111111111111111333311111111111111111111111111121111111111111111111113331111111111111111111111111111111111111111111112111111111111111111
1111111111111111112111111111111111111111111111111111111111111111121111111111111111111111111111111111111111111111111111111111111111111111333331111111111111111111111111121111111111111111111113333311111111111111111111111111111111111111111121111111111111111111
1111111111111111112111111111111111111111111111111111111111111111122111111111111111111111111111111111111111111111111111111111111111111111333331111111111111111111111111121111111111111111111113333331111111111111111111111111111111111111111121111111111111111111
1111111111111111112111111111111111111111111111111111111111111111112111111111111111111111111111111111111111111111111111111111111111111111333333111111111111111111111111211111111111111111111113033331111111111111111111111111111111111111111221111111111111111111
1111111111111111112111111111111111111111111111111111111111111111111111111111111111111111111111111111111111111111111111111111111111111111333333111111111111111111111111211111111111111111111133003333111111111111111111111111111111111111111211111111111111111111
1111111111111111122111111111111112222222211111111111111111111111111111111111111111111111111111111111111111111111111111111111111111111111333333311111111111111111111112211111111111111111111330000033111111111111111111111111111111111111111211111111111111111111
1111111111111111121111111111111222222222221111111111111111111111111111111111111111111111111111111111111111111111111111111111111111111111333333311111111111111111111122111111111111111111113300000033111111111111111111111111111111111111112211111111111111111111
1111111111111111121111111111122222222222222111111111111111111111111111111111111111111111111111111111111111111111111111111111111111111111333333311111111111111111111121111111111111111111133300000333311111111111111111111111111111111111112111111111111111111111
1111111111111111211111111111222222222222222211111111111111111111111111111111111111111111111111111111111111111111111111111111111111111113333133331111111111111111111111111111111111111111133333300333311111111111111111111111111111111111112111111111111111111111
1111111111111111211111111112222222222222222221111111111111111111111111111111111111111111111111111111111111111111111111111111111111111113333113331111111111111111111111111111111111111111133333300333311111111111111111111111111111111111122111111111111111111111
1111111111111111111111111122222222222222222221111111111111111111111111111111111111111111111111111111111111111111111111111111111111111113333111333111111111111111111111111111111111111111111330003333111111111111111111111111111111111111121111111111111111111111
1111111111111111111111111122222222222222222222111111111111111111111111111111111111111111111111111111111111111111111111111111111111111113331111333311111111111111111111111111111111111111111133333331111111111111111111111111111111111111122111111111111111111111
1111111111111111111111111222222222222222222222111111111111111111111111111111111111111111111111111111111111111111111111111111111111111113331111133331111111111111111111111111111111111111111111331111111111111111111111111111111111111111112111111111111111111111
1111111111111111111111122222000220000002222222111111111111111111111111111111111111111111111111111111111111111111111111111111111111111113331111111333111111111111111111111111111111111111111111111111111111111111111111111111111111111111212111111111111111111111
1111111111111111111112211000000000000000222222211111111111111111111111111111111111111111111111111111111111111111111111111111111111111133331111111113311111111111111111111111111111111111111111111111111111111111111111111111111111111111221111111111111111111111
1111111111111111111222100000000000000000222222211111111111111111111111111111111111111111111111111111111111111111111111111111111111111133311111111111331111111111111111111111111111111111111111111111111111111111111111111111111111111111121111111111111111111111
1111111111111111111222000000000000000000222222221111111111111111111111111111111111111111111111111111111111111111111111111111111111111333311111111111133111111111111111111111111111111111111111111111111111111111111111111111111111111111121111111111111111111111
1111111111111111112220000000000000000000022222221111111111111111111111111111111111111111111111111111111111111111111111111111111111111333111111111111111311111111111111111111111111111111111111111111111111111111111111111111111111111111121111111111111111111111
1111111111111111112220000000000000000000022222222111111111111111111111111111111111111111111111111111111111111111111111111111111111111333111111111111111133111111111111111111111111111111111111111111111111111111111111111111111111111111122111111121111111111111
1111111111111111112220000000000000000000022222222111111111111111111111111111111111111111111111111111111111111111111111111111111111111331111111111111111113111111111111111111111111111111111111111111111111111111111111111111111111111111112111111221111111111111
1111111111111111112220000000000000000000022222222111111111111111111111111111111111111111111111111111111111111111111111111111111111111331111111111111111111311111111111111111111111111111111111111111111111111111111111111111111111111111112111122211111111111111
1111111111111111112220000000000000000000022222222111111111111111111111111111111111111111111111111111111111111111111111111111111111113111111111111111111111331111111111111111111111111111111111111111111111111111111111111111111111111111112111221111111111111111
1111111111111111122220000000000000000000222222222111111111111111111111111111111111111111111111111111111111133333333311111111111111113111111111111111111111133311111111111111111111111111111111111111111111111111111111111111111111111111112112211111111111111111
1111111111111111122220000000000000000000222222222111111111111111111111111111111111111111111111111111111133333333333333311111111111113111111111111111111111111333311111111111111111111111111111111111111111111111111111111111111111111111112122111111111111111111
1111111111111111122220000000000000000002222222222211111111111111111111111111111111111111111111111111111330000000000333333311111111133111111111111111111111111111133333311111111111111111111111111111111221111111111111111111111111111111112121111111111111111111
1111111111111111122220000000000000222222222222222211111111111111111111111111111111111111111111111111113330000000000000333331111111131111111111111111111111111111111111333311111111111111111111111111111122111111111111111111111111111111112111111111111111111111
1111111111111111122222200000000002222222222222222211111111111111111111111111111111111111111111111111113300000000000000033331111111311111111111111111111111111111111111111333111111111111111111111111111112211111111111111111111111111111112111111111111111111111
1111111111111111122222220000000002222222222222222211111111111111111111111111111111111111111111111111113300000000000000003331111113311111111111111111111111111111111111311113311111111111111111111111111111221111111111111111111111111111112111111111111111111111
1111111111111111112222222000000002222222222222222111111111111111111111111111111111111111111111111111113000000000000000003331111113111111111111111111111111111111111111331111333111111111111111111111111111122111111111111111111111111111112111111111111111111111
1111111111111111112222222200000022222222222222222111111111111111111111111111111111111111111111111111113000000000000000003331111113111111111111111111111111111111111111131111113331111111111111111111111111111221111111111111111111111111112111111111111111111111
1111111111111111111222222222222222222222222222222111111111111111111111111111111111111111111111111111133300000000000000003331111113111111111111111111111111111111111111111111111111111111111111111111111111111122111111111111111111111111112111111111111111111111
1111111111111111111122222222222222222222222222222111111111111111111111111111111111111111111111111111133330000003333333333331111113311111111111111111111111111111111111111111111111111111111111111111111111111111221111111111111111111111112111111111111111111111
1111111111111111111111122222222222222222222222222111111111111111111111111111111111111111111111111111113333333333333333333331111111311111111111111111111111111111111111111111111111111111111111111111111111111111122211111111111111111111121111111111111111111111
1111111111111111111111111222222222222222222222222111111111111111111111111111111111111111111111111111113333333333333333333331111111311111111111111111111111111111111111111111111111111111111111111111111111111111111222111111111111111111121111111111111111111111
1111111111111111111111111122222222211112222222222111111111111111111111111111111111111111111111111111111133331111111111113311111111311111111111111111111111111111111111111111111111111111111111111111111111111111111112221111111111111111211111111111111111111111
1111111111111111111111111122222222211111222222221111111111111111111111111111111111111111111111111111111111111111111111111111111113311111111111111111111111111111111111111111111111111111111111111111111111111111111111122211111111111112211111111111111111111111
1111111111111111111111111122222222111111222222221111111111111111111111111111111111111111111111111111111111111111111111111111111333111111111111121222111111111111111111111111111111111111111111111111111111111111111111111221111111111122111111111111111111111111
1111111111111111111111111112222221111111122222221111111111111111111111111111111111111111111111111111111111111111111111111111113311111111112221122222222221111111111111111111111111111111111111111111111111111111111111111112211111111221111111111111111111111111
1111111111111111111111111111222211111111112222211111111111111111111111111111111111111111111111111111111111111111111111111111133111111111222122222222221111111111111111111111111111111111111111111111111111111111111111111111122111111211111111111111111111111111
1111111111111111111111111111111111111111111111111111111111111111111111111111111111111111111111111111111111111111111111111111331111111111212220000022222211111111111111111111111111111111111111111111111111111111111111111111112211111211111111111111111111111111
1111111111111111111111111111111111111111111111111111111111111111111111111111111111111111111111111111111111111111111111111111311111111112222000000000222222111111111111111111111111111111111111111111111111111111111111111111111221112111111111111111111111111111
1111111111111111111111111111111111111111111111111111111111111111111111111111111111111111111111111111111111111111111111111133111111111111220000000000002222111111111111111111111111111111111111111111111111111111111111111111111112112111111111111111111111111111
1111111111111111111111111111111111111111111111111111111111111111111111111111111111111111111111111111111111111111111111111331111111111112200000000000000222211111111111111111111111111111111111111111111111111111111111111111111112212111111111111111111111111111
1111111111111111111111111111111111111111111111111111111111111111111111111111111111111111111111111111111111111111111111111311111111122221000000000000000222211111111111111111111111111111111111111111111111111111111111111111111111212111111111111111111111111111
1111111111111111111111111111111111111111111111111111111111111111111111111111111111111111111111111111111111111111111111113311111111221220000000000000000022221111111111111111111111111111111111111111111111111111111111111111111111222111111111111111111111111111
1111111111111111111111111111111111111111111111111111111111111111111111111111111111111111111111111111111111111111111111113111111111212222000000000000000022221111111111111111111111111111111111111111111111111111111111111111111111122111111111111111111111111111
1111111111111111111111111111111111111111111111111111111111111111111111111111111111111111111111111111111111111111111111113111111111212220000000000000000002222111111111111111111111111111111111111111111111111111111111111111111111122211111111111111111111111111
1111111111111111111111111111111111111111111111111111111111111111111111111111111111111111111111111111111111111111111111113111111111122220000000000000000002221111111111111111111111111111111111111111111111111111111111111111111111122111111111111111111111111111
1111111111111111111111111111111111111111111111111111111111111111111111111111111111111111111111111111111111111111111111113111111111122220000000000000000002222111111111111111111111111111111111111111111111111111111111111111111111112111111111111111111111111111
1111111111111111111111111111111111111111111111111111111111111111111111111111111111111111111111111111111111111111111111113111111111122200000000000000000002222111111111111111111111111111111111111111111111111111111111111111111111112111111111111111111111111111
1111111111111111111111111111111111111111111111111111111111111111111111111111111111111111111111111111111111111111111111113111111111122200000000000000000022222111111111111111111111111111111111111111111111111111111111111111111111112111111111111111111111111111
1111111111111111111111111111111111111111111111111111111111111111111111111111111111111111111111111111111111111111111111113111111111122200000000000000000022222111111111111111111111111111111111111111111111111111111111111111111111112211111111111111111111111111
1111111111111111111111111111111111111111111111111111111111111111111111111111111111111111111111111111111111111111111111111111111111122200000000022220000222211111111111111111111111111111111111111111111111111111111111111111111111111211111111111111111111111111
1111111111111111111111111111111111111111111111111111111111111111111111111111111111111111111111111111111111111111111111111111111111112222002222222222222222221111111111111111111111111111111111111111111111111111111111111111111111111211111111111111111111111111
1111111111111111111111111111111111111111111111111111111111111111111111111111111111111111111111111111111111111111111111111111111111112222222222222222222222221111111111111111111111111111111111111111111111111111111111111111111111111221111111111111111111111111
1111111111111111111111111111111111111111111111111111111111111111111111111111111111111111111111111111111111111111111111111111111111112222222222211111112212211111111111111111111111111111111111111111111111111111111111111111111111111121111111111111111111111111
1111111111111111111111111111111111111111111111111111111111111111111111111111111111111111111111111111111111111111111111111111111111111111122221111222211111111111111111111111111111111111111111111111111111111111111111111111111111111122111111111111111111111111
1111111111111111111111111111111111111111111111111111111111111111111111111111111111111111111111111111111111111111111111111111111111111111111111111222111111111111111111111111111111111111111111111111111111111111111111111111111111111112111111111111111111111111
1111111111111111111111111111111111111111111111111111111111111111111111111111111111111111111111111111111111111111111111111111111111111111111111111111111111111111111111111111111111111111111111111111111111111111111111111111111111111111211111111111111111111111
1111111111111111111111111111111111111111111111111111111111111111111111111111111111111111111111111111111111111111111111111111111111111111111111111111111111111111111111111111111111111111111111111111111111111111111111111111111111111111222111111111111111111111
1111111111111111111111111111111111111111111111111111111111111111111111111111111111111111111111111111111111111111111111111111111111111111111111111111111111111111111111111111111111111111111111111111111111111111111111111111111111111111121111111111111111111111
1111111111111111111111111111111111111111111111111111111111111111111111111111111111111111111111111111111111111111111111111111111111111111111111111111111111111111111111111111111111111111111111111111111111111111111111111111111111111111122111111111111111111111
1111111111111111111111111111111111111111111111111111111111111111111111111111111111111111111111111111111111111111111111111111111111111111111111111111111111111111111111111111111111111111111111111111111111111111111111111111111111112111112222222221111111111111
1111111111111111111111111111111111111111111111111111111111111111111111111111111111111111111111111111111111111111111111111111111111111111111111111111111111111111111111111111111111111111111111111111111111111111111111111111111111112212222222222222221111111111
1111111111111111111111111111111111111111111111111111111111111111111111111111111111111111111111111111111111111111111111111111111111111111111111111111111111111111111111111111111111111111111111111111111111111111111111111111111111112122000000000002222221111111
